0.000	5.066	2.512
0.050	5.060	2.517
0.100	5.066	2.522
0.150	5.050	2.528
0.200	5.055	2.533
0.250	5.045	2.538
0.300	5.045	2.549
0.350	5.039	2.549
0.400	5.024	2.559
0.450	5.034	2.543
0.500	5.029	2.559
0.550	5.024	2.554
0.600	5.024	2.559
0.650	5.018	2.564
0.700	5.008	2.570
0.750	5.018	2.564
0.800	5.008	2.575
0.850	5.002	2.575
0.900	4.997	2.580
0.950	4.992	2.580
1.000	4.981	2.591
1.050	4.981	2.585
1.100	4.976	2.591
1.150	4.976	2.596
1.200	4.971	2.601
1.250	4.966	2.612
1.300	4.960	2.612
1.350	4.966	2.617
1.400	4.955	2.622
1.450	4.960	2.622
1.500	4.955	2.633
1.550	4.945	2.628
1.600	4.950	2.633
1.650	4.939	2.633
1.700	4.945	2.638
1.750	4.939	2.633
1.800	4.929	2.638
1.850	4.929	2.654
1.900	4.923	2.649
1.950	4.918	2.649
2.000	4.918	2.659
2.050	4.908	2.654
2.100	4.902	2.659
2.150	4.902	2.659
2.200	4.902	2.664
2.250	4.897	2.664
2.300	4.902	2.670
2.350	4.897	2.675
2.400	4.897	2.670
2.450	4.887	2.670
2.500	4.892	2.675
2.550	4.881	2.686
2.600	4.881	2.691
2.650	4.881	2.691
2.700	4.876	2.701
2.750	4.871	2.701
2.800	4.866	2.701
2.850	4.866	2.707
2.900	4.866	2.712
2.950	4.855	2.717
3.000	4.850	2.717
3.050	4.850	2.717
3.100	4.839	2.717
3.150	4.855	2.717
3.200	4.839	2.717
3.250	4.850	2.707
3.300	4.839	2.722
3.350	4.834	2.722
3.400	4.834	2.733
3.450	4.834	2.733
3.500	4.829	2.743
3.550	4.823	2.743
3.600	4.818	2.743
3.650	4.823	2.743
3.700	4.813	2.754
3.750	4.808	2.749
3.800	4.808	2.743
3.850	4.808	2.759
3.900	4.802	2.759
3.950	4.802	2.759
4.000	4.792	2.770
4.050	4.797	2.765
4.100	4.792	2.775
4.150	4.787	2.770
4.200	4.792	2.775
4.250	4.776	2.775
4.300	4.776	2.775
4.350	4.787	2.775
4.400	4.787	2.775
4.450	4.781	2.780
4.500	4.771	2.780
4.550	4.771	2.786
4.600	4.765	2.786
4.650	4.765	2.796
4.700	4.755	2.791
4.750	4.760	2.796
4.800	4.760	2.807
4.850	4.750	2.801
4.900	4.750	2.817
4.950	4.750	2.812
5.000	4.744	2.817
5.050	4.739	2.817
5.100	4.750	2.817
5.150	4.750	2.807
5.200	4.734	2.822
5.250	4.739	2.828
5.300	4.734	2.822
5.350	4.723	2.833
5.400	4.734	2.833
5.450	4.729	2.833
5.500	4.723	2.833
5.550	4.729	2.843
5.600	4.718	2.843
5.650	4.718	2.838
5.700	4.718	2.838
5.750	4.708	2.843
5.800	4.718	2.843
5.850	4.702	2.843
5.900	4.708	2.843
5.950	4.702	2.849
6.000	4.702	2.854
6.050	4.708	2.849
6.100	4.697	2.865
6.150	4.686	2.859
6.200	4.702	2.859
6.250	4.692	2.870
6.300	4.681	2.870
6.350	4.686	2.875
6.400	4.686	2.880
6.450	4.692	2.875
6.500	4.676	2.891
6.550	4.681	2.880
6.600	4.676	2.870
6.650	4.676	2.880
6.700	4.676	2.880
6.750	4.671	2.891
6.800	4.665	2.896
6.850	4.665	2.891
6.900	4.660	2.901
6.950	4.660	2.901
7.000	4.665	2.907
7.050	4.650	2.912
7.100	4.655	2.901
7.150	4.655	2.912
7.200	4.650	2.907
7.250	4.650	2.907
7.300	4.644	2.917
7.350	4.650	2.912
7.400	4.644	2.907
7.450	4.650	2.912
7.500	4.639	2.912
7.550	4.639	2.917
7.600	4.644	2.917
7.650	4.634	2.922
7.700	4.639	2.917
7.750	4.634	2.933
7.800	4.623	2.933
7.850	4.634	2.933
7.900	4.623	2.933
7.950	4.618	2.933
8.000	4.618	2.938
8.050	4.623	2.938
8.100	4.613	2.944
8.150	4.613	2.944
8.200	4.613	2.944
8.250	4.613	2.949
8.300	4.613	2.959
8.350	4.608	2.959
8.400	4.613	2.959
8.450	4.602	2.965
8.500	4.592	2.959
8.550	4.586	2.970
8.600	4.592	2.970
8.650	4.602	2.975
8.700	4.586	2.970
8.751	4.592	2.970
8.801	4.592	2.980
8.851	4.586	2.986
8.901	4.586	2.975
8.951	4.576	2.970
9.001	4.586	2.975
9.051	4.581	2.980
9.101	4.571	2.991
9.151	4.576	2.986
9.201	4.565	2.991
9.251	4.576	2.986
9.301	4.576	2.996
9.351	4.565	3.001
9.401	4.560	2.996
9.451	4.565	3.001
9.501	4.555	2.996
9.551	4.565	2.996
9.601	4.560	3.001
9.651	4.555	3.007
9.701	4.560	3.007
9.751	4.550	3.007
9.801	4.555	3.012
9.851	4.539	3.012
9.901	4.550	3.017
9.951	4.544	3.012
10.001	4.550	3.023
10.051	4.550	3.017
10.101	4.539	3.028
10.151	4.544	3.023
10.201	4.534	3.028
10.251	4.539	3.028
10.301	4.534	3.038
10.351	4.523	3.038
10.401	4.534	3.044
10.451	4.529	3.049
10.501	4.529	3.038
10.551	4.523	3.044
10.601	4.523	3.038
10.651	4.523	3.049
10.701	4.529	3.044
10.751	4.513	3.044
10.801	4.523	3.049
10.851	4.513	3.054
10.901	4.513	3.049
10.951	4.513	3.059
11.001	4.507	3.059
11.051	4.507	3.044
11.101	4.507	3.070
11.151	4.497	3.065
11.201	4.507	3.070
11.251	4.502	3.070
11.301	4.502	3.070
11.351	4.497	3.075
11.401	4.507	3.065
11.451	4.492	3.075
11.501	4.486	3.075
11.551	4.497	3.075
11.601	4.486	3.080
11.651	4.492	3.075
11.701	4.486	3.075
11.751	4.481	3.075
11.801	4.486	3.086
11.851	4.486	3.086
11.901	4.486	3.086
11.951	4.476	3.091
12.001	4.481	3.091
12.051	4.481	3.086
12.101	4.476	3.096
12.151	4.471	3.102
12.201	4.476	3.102
12.251	4.465	3.102
12.301	4.465	3.096
12.351	4.460	3.102
12.401	4.465	3.102
12.451	4.471	3.102
12.501	4.455	3.107
12.551	4.465	3.107
12.601	4.450	3.112
12.651	4.455	3.112
12.701	4.455	3.117
12.751	4.455	3.112
12.801	4.455	3.128
12.851	4.450	3.123
12.901	4.455	3.123
12.951	4.439	3.133
13.001	4.444	3.128
13.051	4.444	3.128
13.101	4.444	3.133
13.151	4.444	3.138
13.201	4.439	3.144
13.251	4.444	3.138
13.301	4.434	3.138
13.351	4.434	3.138
13.401	4.428	3.138
13.451	4.428	3.149
13.501	4.418	3.133
13.551	4.434	3.144
13.601	4.423	3.144
13.651	4.428	3.154
13.701	4.418	3.149
13.751	4.428	3.149
13.801	4.423	3.154
13.851	4.418	3.165
13.901	4.423	3.159
13.951	4.418	3.154
14.001	4.413	3.165
14.051	4.418	3.165
14.101	4.407	3.170
14.151	4.413	3.175
14.201	4.407	3.165
14.250	4.407	3.159
14.300	4.413	3.165
14.350	4.397	3.180
14.400	4.413	3.175
14.450	4.392	3.180
14.500	4.397	3.175
14.550	4.402	3.180
14.600	4.397	3.180
14.650	4.397	3.186
14.700	4.392	3.180
14.750	4.397	3.180
14.800	4.386	3.180
14.850	4.397	3.175
14.900	4.386	3.186
14.950	4.386	3.191
15.000	4.381	3.191
15.050	4.381	3.196
15.100	4.376	3.196
15.150	4.386	3.191
15.200	4.386	3.196
15.250	4.381	3.202
15.300	4.376	3.202
15.350	4.376	3.207
15.400	4.381	3.207
15.450	4.376	3.207
15.500	4.376	3.196
15.550	4.371	3.202
15.600	4.371	3.207
15.650	4.365	3.202
15.700	4.371	3.207
15.750	4.365	3.207
15.800	4.371	3.212
15.850	4.360	3.212
15.900	4.360	3.207
15.950	4.365	3.212
16.000	4.355	3.223
16.050	4.360	3.212
16.100	4.355	3.217
16.150	4.365	3.223
16.200	4.360	3.212
16.250	4.339	3.228
16.300	4.349	3.223
16.350	4.355	3.223
16.400	4.344	3.228
16.450	4.344	3.223
16.500	4.344	3.223
16.550	4.344	3.223
16.600	4.344	3.217
16.650	4.334	3.233
16.700	4.344	3.233
16.750	4.328	3.238
16.800	4.334	3.233
16.850	4.339	3.233
16.900	4.323	3.238
16.950	4.339	3.238
17.000	4.334	3.244
17.050	4.334	3.244
17.100	4.334	3.238
17.150	4.334	3.249
17.200	4.328	3.254
17.250	4.323	3.259
17.300	4.328	3.249
17.350	4.318	3.249
17.400	4.323	3.254
17.450	4.323	3.254
17.500	4.318	3.254
17.550	4.323	3.249
17.600	4.318	3.265
17.650	4.318	3.265
17.700	4.307	3.254
17.750	4.313	3.265
17.800	4.313	3.259
17.850	4.318	3.259
17.900	4.318	3.259
17.950	4.318	3.265
18.000	4.302	3.270
18.050	4.307	3.270
18.100	4.297	3.275
18.150	4.313	3.275
18.200	4.297	3.281
18.250	4.302	3.275
18.300	4.307	3.275
18.350	4.297	3.286
18.400	4.302	3.281
18.450	4.297	3.291
18.500	4.302	3.281
18.550	4.292	3.296
18.600	4.286	3.281
18.650	4.297	3.286
18.700	4.292	3.291
18.750	4.281	3.296
18.800	4.286	3.291
18.850	4.286	3.302
18.900	4.286	3.302
18.950	4.292	3.302
19.000	4.281	3.302
19.050	4.286	3.296
19.100	4.281	3.296
19.150	4.281	3.296
19.200	4.281	3.307
19.250	4.281	3.307
19.300	4.281	3.302
19.350	4.276	3.307
19.400	4.276	3.307
19.450	4.265	3.312
19.500	4.271	3.323
19.550	4.271	3.307
19.600	4.260	3.323
19.650	4.271	3.312
19.700	4.276	3.323
19.750	4.271	3.317
19.800	4.265	3.323
19.850	4.255	3.328
19.900	4.265	3.317
19.950	4.255	3.328
20.000	4.255	3.317
20.050	4.265	3.323
20.100	4.255	3.338
20.150	4.260	3.323
20.200	4.255	3.333
20.250	4.255	3.328
20.300	4.249	3.328
20.350	4.249	3.323
20.400	4.249	3.328
20.450	4.239	3.338
20.500	4.244	3.333
20.550	4.249	3.333
20.600	4.239	3.344
20.650	4.244	3.333
20.700	4.239	3.344
20.750	4.244	3.333
20.800	4.239	3.344
20.850	4.234	3.344
20.900	4.239	3.354
20.950	4.228	3.349
21.000	4.234	3.349
21.050	4.239	3.349
21.100	4.239	3.354
21.150	4.239	3.354
21.200	4.228	3.354
21.250	4.234	3.354
21.300	4.228	3.354
21.350	4.228	3.360
21.400	4.223	3.360
21.450	4.228	3.354
21.500	4.228	3.354
21.550	4.223	3.360
21.600	4.228	3.354
21.650	4.218	3.360
21.700	4.223	3.360
21.750	4.218	3.365
21.800	4.218	3.370
21.850	4.223	3.365
21.900	4.213	3.370
21.950	4.218	3.365
22.000	4.213	3.370
22.050	4.207	3.375
22.100	4.213	3.375
22.150	4.207	3.375
22.200	4.213	3.375
22.250	4.202	3.381
22.300	4.218	3.370
22.350	4.207	3.381
22.400	4.207	3.375
22.450	4.207	3.381
22.500	4.207	3.375
22.550	4.207	3.381
22.600	4.202	3.381
22.650	4.207	3.375
22.700	4.202	3.381
22.750	4.202	3.391
22.800	4.192	3.386
22.850	4.192	3.386
22.900	4.197	3.386
22.950	4.197	3.391
23.000	4.192	3.402
23.050	4.192	3.386
23.100	4.192	3.391
23.150	4.192	3.381
23.200	4.192	3.386
23.250	4.186	3.396
23.300	4.192	3.396
23.350	4.186	3.402
23.400	4.192	3.396
23.450	4.176	3.402
23.500	4.192	3.402
23.550	4.181	3.407
23.600	4.186	3.402
23.650	4.176	3.402
23.700	4.181	3.407
23.750	4.186	3.402
23.800	4.186	3.407
23.850	4.186	3.412
23.900	4.181	3.402
23.950	4.176	3.402
24.000	4.170	3.412
24.050	4.170	3.412
24.100	4.176	3.412
24.150	4.176	3.412
24.200	4.165	3.412
24.250	4.170	3.412
24.300	4.170	3.412
24.350	4.165	3.412
24.400	4.176	3.417
24.450	4.165	3.417
24.500	4.160	3.417
24.550	4.160	3.423
24.600	4.170	3.412
24.650	4.160	3.423
24.700	4.155	3.428
24.750	4.165	3.428
24.800	4.165	3.433
24.850	4.155	3.428
24.900	4.170	3.433
24.950	4.149	3.433
25.000	4.165	3.423
25.050	4.149	3.433
25.100	4.149	3.428
25.150	4.160	3.439
25.200	4.155	3.428
25.250	4.160	3.439
25.300	4.149	3.428
25.350	4.144	3.433
25.400	4.144	3.433
25.450	4.155	3.439
25.500	4.149	3.433
25.550	4.155	3.423
25.600	4.139	3.428
25.650	4.149	3.439
25.700	4.139	3.444
25.750	4.144	3.439
25.800	4.139	3.428
25.850	4.134	3.444
25.900	4.139	3.439
25.950	4.134	3.439
26.000	4.134	3.449
26.050	4.139	3.444
26.100	4.134	3.449
26.150	4.144	3.454
26.200	4.144	3.454
26.251	4.134	3.449
26.301	4.134	3.449
26.351	4.128	3.454
26.401	4.139	3.449
26.451	4.128	3.449
26.501	4.134	3.460
26.551	4.134	3.470
26.601	4.128	3.460
26.651	4.123	3.460
26.701	4.123	3.460
26.751	4.123	3.475
26.801	4.123	3.470
26.851	4.123	3.460
26.901	4.118	3.465
26.951	4.128	3.460
27.001	4.128	3.460
27.051	4.123	3.465
27.101	4.118	3.470
27.151	4.128	3.460
27.201	4.128	3.470
27.251	4.118	3.465
27.301	4.118	3.460
27.351	4.123	3.470
27.401	4.102	3.470
27.451	4.118	3.465
27.501	4.118	3.475
27.551	4.113	3.470
27.601	4.113	3.470
27.651	4.113	3.470
27.701	4.113	3.475
27.751	4.107	3.475
27.801	4.113	3.481
27.851	4.102	3.481
27.901	4.113	3.475
27.951	4.102	3.481
28.001	4.113	3.481
28.051	4.113	3.486
28.101	4.113	3.475
28.151	4.102	3.486
28.201	4.107	3.475
28.251	4.097	3.491
28.301	4.102	3.486
28.351	4.102	3.481
28.401	4.107	3.491
28.451	4.107	3.481
28.501	4.097	3.486
28.551	4.097	3.491
28.601	4.102	3.496
28.651	4.097	3.496
28.701	4.091	3.491
28.751	4.091	3.496
28.801	4.091	3.486
28.851	4.097	3.486
28.901	4.091	3.481
28.951	4.097	3.491
29.001	4.091	3.491
29.051	4.102	3.491
29.101	4.091	3.502
29.151	4.091	3.491
29.201	4.097	3.496
29.251	4.086	3.491
29.301	4.091	3.486
29.351	4.081	3.491
29.401	4.091	3.507
29.451	4.086	3.502
29.501	4.091	3.496
29.551	4.081	3.507
29.601	4.091	3.507
29.651	4.076	3.507
29.701	4.086	3.502
29.751	4.081	3.507
29.801	4.076	3.502
29.851	4.081	3.502
29.901	4.065	3.512
29.951	4.086	3.507
30.001	4.076	3.518
30.051	4.081	3.512
30.101	4.076	3.518
30.151	4.076	3.518
30.201	4.070	3.507
30.251	4.070	3.507
30.301	4.081	3.507
30.351	4.076	3.507
30.401	4.070	3.507
30.451	4.076	3.512
30.501	4.076	3.512
30.551	4.076	3.512
30.601	4.070	3.512
30.651	4.076	3.507
30.701	4.070	3.518
30.751	4.070	3.512
30.801	4.065	3.518
30.851	4.070	3.523
30.901	4.060	3.523
30.951	4.065	3.523
31.001	4.070	3.512
31.051	4.065	3.523
31.101	4.065	3.523
31.151	4.065	3.523
31.201	4.070	3.528
31.251	4.055	3.528
31.301	4.070	3.528
31.351	4.060	3.533
31.401	4.065	3.523
31.451	4.055	3.533
31.501	4.065	3.528
31.551	4.060	3.528
31.601	4.060	3.523
31.651	4.060	3.523
31.700	4.049	3.528
31.750	4.049	3.533
31.800	4.049	3.539
31.850	4.049	3.544
31.900	4.049	3.539
31.950	4.044	3.533
32.000	4.044	3.539
32.050	4.044	3.539
32.100	4.049	3.539
32.150	4.049	3.539
32.200	4.060	3.528
32.250	4.049	3.539
32.300	4.039	3.539
32.350	4.034	3.533
32.400	4.044	3.539
32.450	4.049	3.539
32.500	4.039	3.544
32.550	4.055	3.533
32.600	4.039	3.539
32.650	4.049	3.539
32.700	4.039	3.539
32.750	4.039	3.554
32.800	4.039	3.539
32.850	4.044	3.533
32.900	4.039	3.544
32.950	4.039	3.544
33.000	4.044	3.549
33.050	4.034	3.544
33.100	4.034	3.549
33.150	4.034	3.544
33.200	4.039	3.554
33.250	4.034	3.549
33.300	4.039	3.554
33.350	4.039	3.549
33.400	4.044	3.549
33.450	4.034	3.554
33.500	4.034	3.554
33.550	4.034	3.554
33.600	4.034	3.554
33.650	4.028	3.560
33.700	4.034	3.554
33.750	4.034	3.560
33.800	4.034	3.560
33.850	4.023	3.570
33.900	4.028	3.565
33.950	4.034	3.565
34.000	4.028	3.560
34.050	4.023	3.565
34.100	4.023	3.570
34.150	4.023	3.570
34.200	4.023	3.570
34.250	4.023	3.565
34.300	4.018	3.570
34.350	4.023	3.565
34.400	4.034	3.560
34.450	4.023	3.565
34.500	4.012	3.565
34.550	4.018	3.560
34.600	4.023	3.560
34.650	4.023	3.560
34.700	4.018	3.560
34.750	4.023	3.565
34.800	4.012	3.560
34.850	4.012	3.575
34.900	4.018	3.570
34.950	4.012	3.565
35.000	4.012	3.570
35.050	4.023	3.570
35.100	4.007	3.575
35.150	4.007	3.570
35.200	4.012	3.581
35.250	4.012	3.570
35.300	4.018	3.575
35.350	4.012	3.575
35.400	4.018	3.581
35.450	4.007	3.581
35.500	4.002	3.581
35.550	4.007	3.575
35.600	4.002	3.586
35.650	4.007	3.581
35.700	4.002	3.575
35.750	4.007	3.575
35.800	4.007	3.581
35.850	4.012	3.581
35.900	4.007	3.575
35.950	4.002	3.581
36.000	4.007	3.581
36.050	4.007	3.581
36.100	4.007	3.581
36.150	4.007	3.581
36.200	4.007	3.581
36.250	3.997	3.581
36.300	4.007	3.581
36.350	4.002	3.586
36.400	4.002	3.581
36.450	4.002	3.586
36.500	4.002	3.581
36.550	3.997	3.586
36.600	4.002	3.596
36.650	4.002	3.586
36.700	3.991	3.596
36.750	3.997	3.586
36.800	3.991	3.591
36.850	3.991	3.586
36.900	3.991	3.591
36.950	4.002	3.591
37.000	3.991	3.591
37.050	3.997	3.591
37.100	4.002	3.586
37.150	3.997	3.596
37.200	3.991	3.596
37.250	3.991	3.596
37.300	3.997	3.591
37.350	3.991	3.602
37.400	3.991	3.607
37.450	3.991	3.591
37.500	3.991	3.591
37.550	3.976	3.596
37.600	3.997	3.602
37.650	3.986	3.602
37.700	3.991	3.607
37.750	3.986	3.602
37.800	3.986	3.602
37.850	3.986	3.612
37.900	3.986	3.602
37.950	3.981	3.607
38.000	3.981	3.602
38.050	3.976	3.612
38.100	3.986	3.607
38.150	3.976	3.607
38.200	3.981	3.607
38.250	3.976	3.612
38.300	3.986	3.607
38.350	3.981	3.612
38.400	3.976	3.618
38.450	3.976	3.612
38.500	3.976	3.618
38.550	3.981	3.602
38.600	3.976	3.602
38.650	3.970	3.607
38.700	3.986	3.602
38.750	3.976	3.602
38.800	3.981	3.602
38.850	3.970	3.607
38.900	3.981	3.612
38.950	3.970	3.607
39.000	3.981	3.612
39.050	3.981	3.607
39.100	3.970	3.623
39.150	3.976	3.618
39.200	3.976	3.618
39.250	3.976	3.612
39.300	3.976	3.623
39.350	3.976	3.618
39.400	3.970	3.607
39.450	3.970	3.607
39.500	3.970	3.623
39.550	3.976	3.612
39.600	3.970	3.623
39.650	3.970	3.607
39.700	3.965	3.628
39.750	3.960	3.618
39.800	3.965	3.628
39.850	3.960	3.628
39.900	3.960	3.628
39.950	3.970	3.612
40.000	3.960	3.618
40.050	3.976	3.618
40.100	3.970	3.618
40.150	3.970	3.618
40.200	3.965	3.602
40.250	3.970	3.628
40.300	3.955	3.623
40.350	3.965	3.618
40.400	3.960	3.618
40.450	3.965	3.628
40.500	3.960	3.628
40.550	3.955	3.623
40.600	3.960	3.623
40.650	3.955	3.628
40.700	3.965	3.633
40.750	3.955	3.623
40.800	3.960	3.628
40.850	3.960	3.618
40.900	3.960	3.623
40.950	3.960	3.628
41.000	3.960	3.628
41.050	3.960	3.628
41.100	3.955	3.633
41.150	3.955	3.623
41.200	3.955	3.628
41.250	3.955	3.628
41.300	3.955	3.628
41.350	3.960	3.633
41.400	3.960	3.639
41.450	3.955	3.639
41.500	3.949	3.649
41.550	3.955	3.633
41.600	3.960	3.639
41.650	3.944	3.644
41.700	3.955	3.644
41.750	3.949	3.644
41.800	3.960	3.639
41.850	3.944	3.644
41.900	3.955	3.633
41.950	3.949	3.644
42.000	3.949	3.649
42.050	3.949	3.644
42.100	3.949	3.639
42.150	3.949	3.649
42.200	3.944	3.649
42.250	3.955	3.644
42.300	3.944	3.644
42.350	3.949	3.649
42.400	3.949	3.644
42.450	3.949	3.649
42.500	3.939	3.654
42.550	3.944	3.644
42.600	3.944	3.644
42.650	3.944	3.654
42.700	3.949	3.654
42.750	3.944	3.644
42.800	3.944	3.639
42.850	3.939	3.644
42.900	3.944	3.644
42.950	3.949	3.639
43.000	3.944	3.644
43.050	3.939	3.644
43.100	3.939	3.644
43.150	3.949	3.644
43.200	3.933	3.649
43.250	3.939	3.644
43.300	3.933	3.639
43.350	3.944	3.649
43.400	3.939	3.649
43.450	3.933	3.644
43.500	3.939	3.649
43.550	3.939	3.649
43.600	3.933	3.649
43.650	3.933	3.649
43.701	3.933	3.649
43.751	3.939	3.644
43.801	3.939	3.644
43.851	3.933	3.644
43.901	3.939	3.649
43.951	3.933	3.649
44.001	3.933	3.649
44.051	3.939	3.649
44.101	3.933	3.649
44.151	3.939	3.660
44.201	3.928	3.660
44.251	3.928	3.665
44.301	3.939	3.660
44.351	3.928	3.660
44.401	3.939	3.660
44.451	3.928	3.665
44.501	3.939	3.660
44.551	3.928	3.660
44.601	3.928	3.660
44.651	3.923	3.665
44.701	3.933	3.660
44.751	3.923	3.665
44.801	3.928	3.660
44.851	3.928	3.665
44.901	3.928	3.660
44.951	3.928	3.670
45.001	3.923	3.670
45.051	3.923	3.660
45.101	3.918	3.670
45.151	3.928	3.681
45.201	3.923	3.670
45.251	3.928	3.665
45.301	3.918	3.675
45.351	3.928	3.670
45.401	3.918	3.670
45.451	3.923	3.670
45.501	3.933	3.654
45.551	3.918	3.665
45.601	3.928	3.665
45.651	3.918	3.665
45.701	3.928	3.660
45.751	3.928	3.665
45.801	3.923	3.670
45.851	3.928	3.660
45.901	3.912	3.665
45.951	3.923	3.660
46.001	3.918	3.665
46.051	3.923	3.670
46.101	3.918	3.670
46.151	3.923	3.665
46.201	3.912	3.670
46.251	3.923	3.670
46.301	3.912	3.670
46.351	3.923	3.670
46.401	3.918	3.670
46.451	3.923	3.665
46.501	3.912	3.670
46.551	3.907	3.675
46.601	3.912	3.675
46.651	3.923	3.675
46.701	3.918	3.681
46.751	3.918	3.681
46.801	3.918	3.681
46.851	3.918	3.681
46.901	3.912	3.675
46.951	3.912	3.665
47.001	3.918	3.670
47.051	3.912	3.670
47.101	3.912	3.675
47.151	3.907	3.675
47.201	3.912	3.670
47.251	3.918	3.670
47.301	3.912	3.675
47.351	3.912	3.675
47.401	3.902	3.675
47.451	3.918	3.681
47.501	3.902	3.681
47.551	3.912	3.675
47.601	3.902	3.681
47.651	3.912	3.670
47.701	3.902	3.675
47.751	3.912	3.675
47.801	3.907	3.675
47.851	3.907	3.681
47.901	3.902	3.681
47.951	3.902	3.675
48.001	3.907	3.681
48.051	3.902	3.681
48.101	3.907	3.681
48.151	3.902	3.691
48.201	3.912	3.675
48.251	3.902	3.686
48.301	3.902	3.681
48.351	3.907	3.681
48.401	3.902	3.681
48.451	3.907	3.686
48.501	3.907	3.675
48.551	3.912	3.675
48.601	3.912	3.686
48.651	3.902	3.681
48.701	3.902	3.681
48.751	3.902	3.686
48.801	3.912	3.681
48.851	3.897	3.686
48.901	3.902	3.691
48.951	3.907	3.686
49.001	3.902	3.681
49.051	3.907	3.681
49.101	3.902	3.691
49.151	3.902	3.691
49.200	3.902	3.686
49.250	3.902	3.691
49.300	3.897	3.675
49.350	3.902	3.691
49.400	3.902	3.691
49.450	3.897	3.691
49.500	3.902	3.686
49.550	3.907	3.686
49.600	3.897	3.686
49.650	3.902	3.691
49.700	3.897	3.697
49.750	3.891	3.691
49.800	3.897	3.697
49.850	3.891	3.702
49.900	3.897	3.702
49.950	3.897	3.697
50.000	3.897	3.697
50.050	3.902	3.691
50.100	3.897	3.697
50.150	3.897	3.702
50.200	3.897	3.702
50.250	3.897	3.691
50.300	3.886	3.702
50.350	3.891	3.702
50.400	3.886	3.707
50.450	3.897	3.702
50.500	3.881	3.702
50.550	3.897	3.702
50.600	3.886	3.697
50.650	3.897	3.702
50.700	3.891	3.691
50.750	3.891	3.702
50.800	3.886	3.702
50.850	3.891	3.697
50.900	3.886	3.697
50.950	3.891	3.697
51.000	3.886	3.697
51.050	3.891	3.702
51.100	3.897	3.697
51.150	3.886	3.702
51.200	3.891	3.697
51.250	3.897	3.691
51.300	3.886	3.697
51.350	3.897	3.691
51.400	3.891	3.702
51.450	3.886	3.702
51.500	3.886	3.697
51.550	3.891	3.702
51.600	3.886	3.702
51.650	3.891	3.697
51.700	3.881	3.707
51.750	3.876	3.697
51.800	3.891	3.702
51.850	3.886	3.702
51.900	3.886	3.707
51.950	3.881	3.702
52.000	3.891	3.697
52.050	3.891	3.702
52.100	3.881	3.702
52.150	3.881	3.702
52.200	3.886	3.697
52.250	3.886	3.702
52.300	3.886	3.707
52.350	3.870	3.702
52.400	3.886	3.707
52.450	3.881	3.702
52.500	3.881	3.707
52.550	3.881	3.712
52.600	3.881	3.712
52.650	3.886	3.702
52.700	3.886	3.718
52.750	3.881	3.702
52.800	3.876	3.712
52.850	3.876	3.712
52.900	3.876	3.707
52.950	3.865	3.718
53.000	3.891	3.718
53.050	3.881	3.718
53.100	3.881	3.707
53.150	3.876	3.718
53.200	3.886	3.707
53.250	3.876	3.707
53.300	3.876	3.718
53.350	3.870	3.718
53.400	3.881	3.712
53.450	3.876	3.712
53.500	3.881	3.707
53.550	3.870	3.712
53.600	3.870	3.707
53.650	3.881	3.712
53.700	3.876	3.718
53.750	3.870	3.718
53.800	3.870	3.723
53.850	3.876	3.718
53.900	3.876	3.707
53.950	3.870	3.712
54.000	3.876	3.707
54.050	3.876	3.707
54.100	3.881	3.707
54.150	3.876	3.712
54.200	3.870	3.707
54.250	3.876	3.712
54.300	3.876	3.712
54.350	3.865	3.718
54.400	3.870	3.707
54.450	3.870	3.712
54.500	3.876	3.712
54.550	3.876	3.718
54.600	3.870	3.712
54.650	3.870	3.707
54.700	3.870	3.707
54.750	3.870	3.707
54.800	3.876	3.712
54.850	3.881	3.712
54.900	3.870	3.723
54.950	3.870	3.707
55.000	3.870	3.718
55.050	3.876	3.712
55.100	3.870	3.718
55.150	3.876	3.718
55.200	3.870	3.712
55.250	3.870	3.723
55.300	3.865	3.723
55.350	3.865	3.728
55.400	3.870	3.718
55.450	3.870	3.723
55.500	3.865	3.728
55.550	3.870	3.723
55.600	3.860	3.723
55.650	3.870	3.723
55.700	3.865	3.718
55.750	3.876	3.728
55.800	3.860	3.733
55.850	3.870	3.723
55.900	3.860	3.728
55.950	3.870	3.723
56.000	3.865	3.728
56.050	3.865	3.728
56.100	3.865	3.728
56.150	3.860	3.728
56.200	3.860	3.723
56.250	3.860	3.733
56.300	3.865	3.733
56.350	3.870	3.733
56.400	3.870	3.733
56.450	3.865	3.723
56.500	3.870	3.723
56.550	3.865	3.728
56.600	3.865	3.733
56.650	3.870	3.718
56.700	3.865	3.728
56.750	3.865	3.728
56.800	3.860	3.723
56.850	3.865	3.723
56.900	3.860	3.728
56.950	3.865	3.723
57.000	3.865	3.728
57.050	3.860	3.723
57.100	3.860	3.723
57.150	3.870	3.723
57.200	3.865	3.723
57.250	3.860	3.723
57.300	3.855	3.728
57.350	3.860	3.728
57.400	3.860	3.723
57.450	3.860	3.728
57.500	3.860	3.728
57.550	3.870	3.723
57.600	3.865	3.723
57.650	3.860	3.723
57.700	3.870	3.718
57.750	3.860	3.728
57.800	3.865	3.718
57.850	3.860	3.723
57.900	3.860	3.718
57.950	3.860	3.728
58.000	3.865	3.723
58.050	3.860	3.733
58.100	3.860	3.739
58.150	3.860	3.723
58.200	3.855	3.733
58.250	3.860	3.733
58.300	3.855	3.733
58.350	3.860	3.733
58.400	3.860	3.739
58.450	3.855	3.728
58.500	3.860	3.739
58.550	3.849	3.739
58.600	3.865	3.733
58.650	3.855	3.728
58.700	3.860	3.733
58.750	3.849	3.733
58.800	3.865	3.728
58.850	3.849	3.739
58.900	3.849	3.733
58.950	3.849	3.739
59.000	3.860	3.739
59.050	3.855	3.744
59.100	3.860	3.739
59.150	3.855	3.733
59.200	3.849	3.739
59.250	3.860	3.744
59.300	3.849	3.744
59.350	3.860	3.739
59.400	3.855	3.739
59.450	3.849	3.728
59.500	3.855	3.733
59.550	3.849	3.733
59.600	3.860	3.723
59.650	3.849	3.733
59.700	3.855	3.733
59.750	3.855	3.739
59.800	3.860	3.728
59.850	3.855	3.733
59.900	3.855	3.733
59.950	3.849	3.733
60.000	3.855	3.733
60.050	3.855	3.733
60.100	3.855	3.739
60.150	3.849	3.733
60.200	3.855	3.739
60.250	3.849	3.739
60.300	3.849	3.739
60.350	3.849	3.733
60.400	3.855	3.733
60.450	3.855	3.739
60.500	3.844	3.739
60.550	3.860	3.733
60.600	3.855	3.723
60.650	3.849	3.733
60.700	3.844	3.739
60.750	3.849	3.744
60.800	3.844	3.739
60.850	3.849	3.739
60.900	3.849	3.739
60.950	3.844	3.749
61.000	3.849	3.744
61.050	3.844	3.739
61.100	3.844	3.749
61.150	3.844	3.749
61.201	3.849	3.744
61.251	3.849	3.744
61.301	3.844	3.749
61.351	3.844	3.739
61.401	3.849	3.749
61.451	3.844	3.749
61.501	3.849	3.744
61.551	3.839	3.749
61.601	3.844	3.754
61.651	3.855	3.744
61.701	3.849	3.754
61.751	3.849	3.749
61.801	3.844	3.744
61.851	3.844	3.744
61.901	3.844	3.744
61.951	3.849	3.744
62.001	3.844	3.749
62.051	3.844	3.739
62.101	3.849	3.744
62.151	3.844	3.749
62.201	3.849	3.749
62.251	3.849	3.739
62.301	3.849	3.739
62.351	3.849	3.739
62.401	3.844	3.739
62.451	3.860	3.739
62.501	3.839	3.744
62.551	3.844	3.739
62.601	3.849	3.739
62.651	3.849	3.744
62.701	3.844	3.739
62.751	3.839	3.739
62.801	3.839	3.739
62.851	3.844	3.739
62.901	3.849	3.749
62.951	3.844	3.744
63.001	3.839	3.749
63.051	3.839	3.744
63.101	3.844	3.744
63.151	3.844	3.744
63.201	3.844	3.749
63.251	3.833	3.749
63.301	3.849	3.749
63.351	3.844	3.739
63.401	3.833	3.749
63.451	3.839	3.744
63.501	3.839	3.739
63.551	3.839	3.744
63.601	3.839	3.749
63.651	3.844	3.765
63.701	3.839	3.749
63.751	3.844	3.749
63.801	3.844	3.749
63.851	3.839	3.754
63.901	3.844	3.754
63.951	3.833	3.760
64.001	3.844	3.733
64.051	3.844	3.749
64.101	3.839	3.760
64.151	3.833	3.749
64.201	3.849	3.744
64.251	3.849	3.749
64.301	3.849	3.744
64.351	3.833	3.749
64.401	3.839	3.749
64.451	3.839	3.749
64.501	3.844	3.749
64.551	3.833	3.749
64.601	3.844	3.749
64.651	3.833	3.744
64.701	3.839	3.749
64.751	3.833	3.749
64.801	3.844	3.739
64.851	3.833	3.754
64.901	3.839	3.749
64.951	3.839	3.744
65.001	3.844	3.744
65.051	3.839	3.749
65.101	3.833	3.754
65.151	3.844	3.749
65.201	3.828	3.765
65.251	3.839	3.760
65.301	3.828	3.749
65.351	3.839	3.754
65.401	3.828	3.754
65.451	3.844	3.749
65.501	3.833	3.760
65.551	3.839	3.760
65.601	3.839	3.749
65.651	3.828	3.770
65.701	3.839	3.749
65.751	3.823	3.760
65.801	3.833	3.754
65.851	3.833	3.765
65.901	3.839	3.749
65.951	3.828	3.760
66.001	3.839	3.754
66.051	3.828	3.754
66.101	3.839	3.754
66.151	3.833	3.760
66.201	3.839	3.754
66.251	3.839	3.754
66.301	3.839	3.754
66.351	3.833	3.754
66.401	3.828	3.754
66.451	3.839	3.760
66.501	3.833	3.770
66.551	3.828	3.754
66.601	3.839	3.754
66.651	3.839	3.760
66.700	3.833	3.754
66.750	3.833	3.754
66.800	3.833	3.754
66.850	3.839	3.754
66.900	3.839	3.739
66.950	3.833	3.754
67.000	3.833	3.749
67.050	3.833	3.754
67.100	3.828	3.754
67.150	3.823	3.760
67.200	3.828	3.754
67.250	3.839	3.760
67.300	3.828	3.754
67.350	3.828	3.760
67.400	3.828	3.749
67.450	3.828	3.754
67.500	3.828	3.760
67.550	3.833	3.760
67.600	3.823	3.770
67.650	3.839	3.754
67.700	3.823	3.760
67.750	3.828	3.760
67.800	3.833	3.760
67.850	3.828	3.765
67.900	3.833	3.765
67.950	3.833	3.765
68.000	3.833	3.760
68.050	3.833	3.760
68.100	3.833	3.760
68.150	3.823	3.770
68.200	3.833	3.765
68.250	3.823	3.765
68.300	3.833	3.770
68.350	3.839	3.754
68.400	3.828	3.765
68.450	3.828	3.765
68.500	3.833	3.765
68.550	3.828	3.760
68.600	3.823	3.765
68.650	3.833	3.765
68.700	3.833	3.776
68.750	3.828	3.760
68.800	3.823	3.760
68.850	3.828	3.760
68.900	3.823	3.776
