0.000	2.454	0.132
0.050	2.464	0.137
0.100	2.454	0.132
0.150	2.454	0.132
0.200	2.454	0.132
0.250	2.464	0.121
0.300	2.464	0.126
0.350	2.449	0.132
0.400	2.443	0.132
0.450	2.449	0.142
0.500	2.449	0.142
0.550	2.449	0.142
0.600	2.438	0.153
0.650	2.438	0.147
0.700	2.433	0.147
0.750	2.438	0.142
0.800	2.438	0.142
0.850	2.428	0.147
0.900	2.428	0.142
0.950	2.438	0.147
1.000	2.433	0.153
1.050	2.433	0.147
1.100	2.428	0.158
1.150	2.433	0.153
1.200	2.433	0.163
1.250	2.428	0.158
1.300	2.422	0.169
1.350	2.428	0.169
1.400	2.417	0.163
1.450	2.422	0.174
1.500	2.417	0.169
1.550	2.417	0.169
1.600	2.422	0.163
1.650	2.406	0.174
1.700	2.406	0.163
1.750	2.417	0.169
1.800	2.422	0.169
1.850	2.417	0.169
1.900	2.412	0.163
1.950	2.417	0.174
2.000	2.406	0.179
2.050	2.412	0.184
2.100	2.406	0.179
2.150	2.391	0.184
2.200	2.406	0.184
2.250	2.401	0.184
2.300	2.401	0.184
2.350	2.396	0.184
2.400	2.391	0.174
2.450	2.396	0.174
2.500	2.396	0.174
2.550	2.391	0.184
2.600	2.396	0.184
2.650	2.385	0.195
2.700	2.401	0.190
2.750	2.380	0.190
2.800	2.385	0.184
2.850	2.385	0.195
2.900	2.380	0.190
2.950	2.385	0.200
3.000	2.380	0.200
3.050	2.375	0.195
3.100	2.380	0.200
3.150	2.380	0.216
3.200	2.375	0.211
3.250	2.370	0.211
3.300	2.375	0.200
3.350	2.375	0.205
3.400	2.370	0.200
3.450	2.364	0.211
3.500	2.375	0.205
3.550	2.370	0.211
3.600	2.370	0.205
3.650	2.370	0.211
3.700	2.359	0.221
3.750	2.359	0.216
3.800	2.359	0.226
3.850	2.359	0.221
3.900	2.364	0.226
3.950	2.359	0.221
4.000	2.354	0.221
4.050	2.354	0.226
4.100	2.354	0.226
4.150	2.349	0.232
4.200	2.364	0.232
4.250	2.354	0.237
4.300	2.349	0.226
4.350	2.343	0.221
4.400	2.343	0.226
4.450	2.349	0.226
4.500	2.354	0.226
4.550	2.343	0.226
4.600	2.343	0.237
4.650	2.338	0.232
4.700	2.338	0.242
4.750	2.338	0.242
4.800	2.333	0.242
4.850	2.333	0.247
4.900	2.333	0.247
4.950	2.338	0.242
5.000	2.333	0.237
5.050	2.333	0.242
5.100	2.333	0.242
5.150	2.327	0.237
5.200	2.333	0.247
5.250	2.338	0.253
5.300	2.333	0.253
5.350	2.327	0.247
5.400	2.322	0.253
5.450	2.322	0.247
5.500	2.327	0.247
5.550	2.317	0.253
5.600	2.317	0.263
5.650	2.317	0.263
5.700	2.312	0.263
5.750	2.312	0.263
5.800	2.317	0.269
5.850	2.317	0.263
5.900	2.317	0.269
5.950	2.306	0.263
6.000	2.312	0.263
6.050	2.306	0.253
6.100	2.317	0.263
6.150	2.306	0.263
6.200	2.301	0.258
6.250	2.301	0.263
6.300	2.306	0.279
6.350	2.312	0.269
6.400	2.312	0.279
6.450	2.301	0.279
6.500	2.296	0.284
6.550	2.296	0.279
6.600	2.301	0.274
6.649	2.296	0.274
6.699	2.312	0.269
6.749	2.296	0.279
6.799	2.296	0.284
6.849	2.306	0.274
6.899	2.301	0.274
6.949	2.296	0.290
6.999	2.291	0.284
7.049	2.280	0.295
7.099	2.291	0.300
7.149	2.291	0.295
7.199	2.280	0.295
7.249	2.280	0.295
7.299	2.285	0.290
7.349	2.285	0.295
7.399	2.285	0.284
7.449	2.280	0.290
7.499	2.280	0.290
7.549	2.280	0.295
7.599	2.275	0.300
7.649	2.285	0.305
7.699	2.275	0.305
7.749	2.270	0.311
7.799	2.275	0.300
7.849	2.275	0.311
7.899	2.280	0.300
7.949	2.270	0.305
7.999	2.275	0.300
8.049	2.275	0.300
8.099	2.270	0.305
8.149	2.280	0.305
8.199	2.264	0.311
8.249	2.270	0.311
8.299	2.270	0.316
8.349	2.259	0.305
8.399	2.259	0.311
8.449	2.259	0.316
8.499	2.259	0.316
8.549	2.259	0.316
8.599	2.259	0.316
8.649	2.254	0.316
8.699	2.254	0.321
8.749	2.259	0.332
8.800	2.259	0.326
8.850	2.254	0.326
8.900	2.248	0.326
8.950	2.243	0.332
9.000	2.248	0.326
9.050	2.254	0.326
9.100	2.248	0.321
9.150	2.248	0.326
9.200	2.248	0.321
9.250	2.243	0.326
9.300	2.254	0.326
9.350	2.243	0.326
9.400	2.248	0.337
9.450	2.248	0.337
9.500	2.238	0.348
9.550	2.243	0.348
9.600	2.243	0.337
9.650	2.238	0.342
9.700	2.243	0.337
9.750	2.238	0.342
9.800	2.227	0.348
9.850	2.227	0.348
9.900	2.227	0.353
9.950	2.238	0.358
10.000	2.233	0.353
10.050	2.233	0.353
10.100	2.217	0.348
10.150	2.227	0.348
10.200	2.217	0.348
10.250	2.227	0.337
10.300	2.227	0.353
10.350	2.227	0.353
10.400	2.222	0.358
10.450	2.233	0.353
10.500	2.217	0.358
10.550	2.217	0.358
10.600	2.217	0.363
10.650	2.212	0.369
10.700	2.222	0.369
10.750	2.212	0.369
10.800	2.212	0.358
10.850	2.212	0.363
10.900	2.206	0.363
10.950	2.206	0.369
11.000	2.206	0.369
11.050	2.206	0.374
11.100	2.212	0.363
11.150	2.212	0.374
11.200	2.206	0.369
11.250	2.206	0.369
11.300	2.201	0.363
11.350	2.201	0.369
11.400	2.206	0.369
11.450	2.206	0.369
11.500	2.191	0.379
11.550	2.206	0.384
11.600	2.206	0.379
11.650	2.201	0.384
11.700	2.201	0.384
11.750	2.185	0.384
11.800	2.191	0.390
11.850	2.191	0.384
11.900	2.196	0.384
11.950	2.191	0.384
12.000	2.185	0.384
12.050	2.196	0.379
12.100	2.185	0.384
12.150	2.191	0.384
12.200	2.191	0.379
12.250	2.185	0.390
12.300	2.180	0.390
12.350	2.180	0.390
12.400	2.180	0.400
12.450	2.180	0.395
12.500	2.180	0.395
12.550	2.185	0.400
12.600	2.185	0.384
12.650	2.180	0.390
12.700	2.175	0.400
12.750	2.175	0.416
12.800	2.180	0.411
12.850	2.185	0.405
12.900	2.169	0.411
12.950	2.169	0.416
13.000	2.169	0.411
13.050	2.175	0.411
13.100	2.169	0.411
13.150	2.164	0.416
13.200	2.164	0.411
13.250	2.164	0.400
13.300	2.159	0.411
13.350	2.169	0.405
13.400	2.164	0.411
13.450	2.154	0.411
13.500	2.164	0.416
13.550	2.159	0.421
13.600	2.164	0.421
13.650	2.154	0.421
13.700	2.159	0.427
13.750	2.164	0.421
13.800	2.159	0.416
13.850	2.154	0.416
13.900	2.148	0.432
13.950	2.164	0.416
14.000	2.159	0.432
14.050	2.148	0.432
14.100	2.143	0.437
14.150	2.154	0.437
14.200	2.143	0.432
14.250	2.148	0.432
14.300	2.148	0.421
14.350	2.148	0.427
14.400	2.143	0.432
14.450	2.148	0.432
14.500	2.138	0.432
14.550	2.154	0.432
14.600	2.143	0.432
14.650	2.143	0.442
14.700	2.138	0.442
14.750	2.138	0.448
14.800	2.138	0.448
14.850	2.138	0.448
14.900	2.138	0.442
14.950	2.133	0.448
15.000	2.122	0.442
15.050	2.138	0.442
15.100	2.122	0.453
15.150	2.138	0.458
15.200	2.133	0.453
15.250	2.138	0.453
15.300	2.127	0.453
15.350	2.122	0.458
15.400	2.122	0.448
15.450	2.127	0.453
15.500	2.138	0.448
15.550	2.122	0.448
15.600	2.117	0.453
15.650	2.122	0.453
15.700	2.122	0.453
15.750	2.122	0.463
15.800	2.117	0.448
15.850	2.122	0.448
15.900	2.117	0.463
15.950	2.112	0.469
16.000	2.122	0.463
16.050	2.117	0.469
16.100	2.112	0.469
16.150	2.112	0.474
16.200	2.112	0.469
16.250	2.122	0.463
16.300	2.106	0.458
16.350	2.106	0.469
16.400	2.106	0.463
16.450	2.106	0.469
16.500	2.106	0.474
16.550	2.096	0.479
16.600	2.112	0.484
16.650	2.106	0.469
16.700	2.112	0.474
16.750	2.101	0.469
16.800	2.106	0.469
16.850	2.101	0.474
16.900	2.106	0.474
16.950	2.106	0.474
17.000	2.106	0.479
17.050	2.101	0.474
17.100	2.080	0.490
17.150	2.106	0.484
17.200	2.106	0.490
17.250	2.101	0.484
17.300	2.090	0.500
17.350	2.090	0.495
17.400	2.096	0.495
17.450	2.101	0.484
17.500	2.096	0.484
17.550	2.090	0.484
17.600	2.085	0.490
17.650	2.090	0.484
17.700	2.085	0.490
17.750	2.090	0.479
17.800	2.096	0.490
17.850	2.085	0.490
17.900	2.085	0.490
17.950	2.080	0.500
18.000	2.075	0.495
18.050	2.075	0.495
18.100	2.085	0.490
18.150	2.085	0.500
18.200	2.085	0.495
18.250	2.069	0.506
18.300	2.069	0.511
18.350	2.064	0.506
18.400	2.080	0.511
18.450	2.080	0.500
18.500	2.069	0.516
18.550	2.075	0.511
18.600	2.069	0.506
18.650	2.069	0.511
18.700	2.075	0.511
18.750	2.069	0.506
18.800	2.064	0.506
18.850	2.069	0.511
18.900	2.064	0.506
18.950	2.075	0.511
19.000	2.075	0.511
19.050	2.069	0.511
19.100	2.069	0.521
19.150	2.059	0.521
19.200	2.059	0.527
19.250	2.054	0.516
19.300	2.059	0.521
19.350	2.064	0.516
19.400	2.059	0.521
19.450	2.059	0.521
19.500	2.059	0.516
19.550	2.054	0.521
19.600	2.054	0.532
19.650	2.054	0.527
19.700	2.048	0.532
19.750	2.054	0.532
19.800	2.059	0.527
19.850	2.054	0.521
19.900	2.048	0.537
19.950	2.043	0.527
20.000	2.048	0.527
20.050	2.048	0.527
20.100	2.048	0.527
20.150	2.048	0.527
20.200	2.048	0.527
20.250	2.048	0.532
20.300	2.048	0.537
20.350	2.038	0.537
20.400	2.038	0.548
20.450	2.043	0.542
20.500	2.043	0.553
20.550	2.043	0.548
20.600	2.043	0.542
20.650	2.043	0.542
20.700	2.043	0.542
20.750	2.033	0.563
20.800	2.038	0.542
20.850	2.033	0.553
20.900	2.038	0.558
20.950	2.033	0.553
21.000	2.038	0.542
21.050	2.033	0.553
21.100	2.038	0.548
21.150	2.027	0.542
21.200	2.027	0.548
21.250	2.033	0.542
21.300	2.038	0.553
21.350	2.027	0.548
21.400	2.027	0.553
21.450	2.027	0.558
21.500	2.027	0.553
21.550	2.033	0.558
21.600	2.027	0.558
21.650	2.022	0.563
21.700	2.017	0.574
21.750	2.012	0.569
21.800	2.022	0.558
21.850	2.022	0.558
21.900	2.017	0.563
21.950	2.017	0.563
22.000	2.017	0.569
22.050	2.022	0.569
22.100	2.017	0.574
22.150	2.017	0.569
22.200	2.017	0.574
22.250	2.017	0.563
22.300	2.012	0.563
22.350	2.012	0.579
22.400	2.017	0.569
22.450	2.012	0.574
22.500	2.006	0.574
22.550	2.006	0.579
22.600	2.006	0.574
22.650	2.006	0.574
22.700	2.006	0.569
22.750	2.006	0.569
22.800	2.001	0.569
22.850	2.001	0.579
22.900	1.996	0.579
22.950	2.001	0.584
23.000	2.012	0.579
23.050	2.012	0.584
23.100	2.006	0.590
23.150	2.001	0.584
23.200	1.990	0.590
23.250	1.990	0.584
23.300	1.996	0.579
23.350	1.996	0.579
23.400	1.996	0.590
23.450	1.990	0.595
23.500	1.996	0.595
23.550	1.990	0.590
23.600	1.996	0.590
23.650	1.990	0.595
23.700	1.990	0.595
23.750	1.996	0.590
23.800	1.996	0.590
23.850	1.985	0.595
23.900	1.980	0.600
23.950	1.980	0.590
24.000	1.985	0.584
24.050	1.990	0.590
24.100	1.990	0.590
24.149	1.980	0.595
24.199	1.980	0.595
24.249	1.980	0.595
24.299	1.980	0.600
24.349	1.990	0.584
24.399	1.980	0.600
24.449	1.975	0.600
24.499	1.975	0.606
24.549	1.985	0.606
24.599	1.980	0.611
24.649	1.985	0.606
24.699	1.969	0.621
24.749	1.985	0.600
24.799	1.975	0.606
24.849	1.969	0.606
24.899	1.969	0.616
24.949	1.975	0.616
24.999	1.975	0.616
25.049	1.980	0.616
25.099	1.969	0.616
25.149	1.959	0.611
25.199	1.964	0.627
25.249	1.969	0.616
25.299	1.975	0.611
25.349	1.964	0.611
25.399	1.959	0.616
25.449	1.964	0.611
25.499	1.954	0.611
25.549	1.964	0.616
25.599	1.975	0.611
25.649	1.964	0.616
25.699	1.959	0.611
25.749	1.959	0.627
25.799	1.959	0.627
25.849	1.964	0.621
25.899	1.954	0.632
25.949	1.959	0.627
25.999	1.954	0.632
26.049	1.959	0.637
26.099	1.954	0.637
26.149	1.948	0.621
26.199	1.954	0.627
26.250	1.964	0.627
26.300	1.959	0.637
26.350	1.954	0.637
26.400	1.959	0.642
26.450	1.948	0.637
26.500	1.943	0.637
26.550	1.948	0.642
26.600	1.954	0.637
26.650	1.948	0.632
26.700	1.954	0.632
26.750	1.943	0.637
26.800	1.943	0.637
26.850	1.943	0.627
26.900	1.943	0.632
26.950	1.948	0.637
27.000	1.948	0.632
27.050	1.938	0.642
27.100	1.943	0.642
27.150	1.954	0.632
27.200	1.948	0.642
27.250	1.938	0.642
27.300	1.943	0.648
27.350	1.938	0.653
27.400	1.933	0.642
27.450	1.933	0.653
27.500	1.938	0.642
27.550	1.938	0.653
27.600	1.933	0.658
27.650	1.938	0.653
27.700	1.933	0.648
27.750	1.922	0.658
27.800	1.927	0.653
27.850	1.933	0.663
27.900	1.927	0.658
27.950	1.933	0.658
28.000	1.933	0.648
28.050	1.922	0.653
28.100	1.922	0.653
28.150	1.922	0.653
28.200	1.933	0.653
28.250	1.933	0.648
28.300	1.922	0.658
28.350	1.922	0.658
28.400	1.922	0.658
28.450	1.927	0.653
28.500	1.922	0.663
28.550	1.927	0.663
28.600	1.922	0.663
28.650	1.917	0.669
28.700	1.922	0.663
28.750	1.917	0.669
28.800	1.922	0.669
28.850	1.917	0.663
28.900	1.917	0.663
28.950	1.917	0.669
29.000	1.922	0.669
29.050	1.917	0.674
29.100	1.906	0.669
29.150	1.906	0.685
29.200	1.911	0.674
29.250	1.917	0.674
29.300	1.911	0.674
29.350	1.911	0.674
29.400	1.911	0.663
29.450	1.906	0.674
29.500	1.911	0.669
29.550	1.911	0.669
29.600	1.906	0.669
29.650	1.906	0.669
29.700	1.906	0.674
29.750	1.906	0.669
29.800	1.911	0.669
29.850	1.911	0.679
29.900	1.901	0.679
29.950	1.896	0.685
30.000	1.901	0.690
30.050	1.896	0.690
30.100	1.901	0.679
30.150	1.901	0.700
30.200	1.906	0.679
30.250	1.896	0.690
30.300	1.906	0.690
30.350	1.901	0.685
30.400	1.896	0.685
30.450	1.896	0.690
30.500	1.890	0.695
30.550	1.896	0.690
30.600	1.890	0.690
30.650	1.890	0.700
30.700	1.885	0.690
30.750	1.885	0.700
30.800	1.890	0.695
30.850	1.890	0.695
30.900	1.890	0.695
30.950	1.885	0.685
31.000	1.885	0.695
31.050	1.885	0.695
31.100	1.885	0.690
31.150	1.890	0.674
31.200	1.885	0.695
31.250	1.885	0.695
31.300	1.880	0.700
31.350	1.885	0.706
31.400	1.880	0.706
31.450	1.885	0.706
31.500	1.890	0.700
31.550	1.885	0.706
31.600	1.880	0.711
31.650	1.880	0.695
31.700	1.885	0.706
31.750	1.875	0.700
31.800	1.880	0.706
31.850	1.875	0.700
31.900	1.875	0.711
31.950	1.880	0.711
32.000	1.880	0.711
32.050	1.875	0.711
32.100	1.875	0.716
32.150	1.869	0.716
32.200	1.875	0.706
32.250	1.880	0.711
32.300	1.875	0.706
32.350	1.869	0.711
32.400	1.869	0.711
32.450	1.875	0.711
32.500	1.869	0.706
32.550	1.869	0.716
32.600	1.880	0.711
32.650	1.864	0.716
32.700	1.864	0.711
32.750	1.869	0.721
32.800	1.869	0.732
32.850	1.875	0.721
32.900	1.864	0.721
32.950	1.859	0.727
33.000	1.864	0.727
33.050	1.864	0.711
33.100	1.864	0.721
33.150	1.859	0.721
33.200	1.864	0.727
33.250	1.864	0.727
33.300	1.864	0.732
33.350	1.864	0.721
33.400	1.854	0.732
33.450	1.859	0.732
33.500	1.848	0.732
33.550	1.864	0.732
33.600	1.859	0.732
33.650	1.859	0.737
33.700	1.854	0.727
33.750	1.843	0.737
33.800	1.848	0.727
33.850	1.854	0.727
33.900	1.864	0.732
33.950	1.859	0.727
34.000	1.848	0.732
34.050	1.848	0.727
34.100	1.848	0.737
34.150	1.859	0.732
34.200	1.848	0.732
34.250	1.848	0.742
34.300	1.843	0.737
34.350	1.838	0.748
34.400	1.843	0.742
34.450	1.843	0.737
34.500	1.838	0.737
34.550	1.843	0.737
34.600	1.854	0.732
34.650	1.843	0.742
34.700	1.843	0.748
34.750	1.838	0.742
34.800	1.843	0.742
34.850	1.838	0.753
34.900	1.838	0.742
34.950	1.838	0.748
35.000	1.838	0.758
35.050	1.843	0.748
35.100	1.827	0.758
35.150	1.832	0.753
35.200	1.832	0.753
35.250	1.843	0.753
35.300	1.838	0.742
35.350	1.843	0.748
35.400	1.838	0.742
35.450	1.838	0.748
35.500	1.832	0.758
35.550	1.832	0.748
35.600	1.832	0.758
35.650	1.832	0.753
35.700	1.838	0.753
35.750	1.827	0.764
35.800	1.832	0.748
35.850	1.832	0.753
35.900	1.827	0.748
35.950	1.827	0.753
36.000	1.827	0.764
36.050	1.827	0.764
36.100	1.822	0.753
36.150	1.822	0.758
36.200	1.832	0.769
36.250	1.827	0.753
36.300	1.822	0.764
36.350	1.817	0.774
36.400	1.822	0.769
36.450	1.822	0.764
36.500	1.822	0.758
36.550	1.811	0.769
36.600	1.817	0.764
36.650	1.817	0.764
36.700	1.817	0.758
36.750	1.822	0.764
36.800	1.822	0.764
36.850	1.822	0.764
36.900	1.817	0.769
36.950	1.822	0.764
37.000	1.822	0.764
37.050	1.817	0.769
37.100	1.806	0.769
37.150	1.817	0.779
37.200	1.817	0.758
37.250	1.806	0.769
37.300	1.817	0.774
37.350	1.806	0.769
37.400	1.806	0.769
37.450	1.806	0.779
37.500	1.811	0.774
37.550	1.817	0.774
37.600	1.806	0.774
37.650	1.806	0.785
37.700	1.806	0.779
37.750	1.806	0.790
37.800	1.817	0.779
37.850	1.811	0.779
37.900	1.806	0.779
37.950	1.811	0.779
38.000	1.801	0.790
38.050	1.796	0.785
38.100	1.785	0.795
38.150	1.801	0.795
38.200	1.801	0.785
38.250	1.801	0.795
38.300	1.796	0.785
38.350	1.801	0.795
38.400	1.801	0.785
38.450	1.796	0.779
38.500	1.796	0.779
38.550	1.796	0.785
38.600	1.801	0.790
38.650	1.796	0.790
38.700	1.796	0.795
38.750	1.801	0.795
38.800	1.796	0.795
38.850	1.796	0.785
38.900	1.801	0.779
38.950	1.806	0.785
39.000	1.801	0.790
39.050	1.785	0.795
39.100	1.790	0.790
39.150	1.790	0.795
39.200	1.790	0.795
39.250	1.801	0.800
39.300	1.785	0.806
39.350	1.785	0.800
39.400	1.780	0.806
39.450	1.796	0.800
39.500	1.790	0.806
39.550	1.796	0.800
39.600	1.785	0.811
39.650	1.780	0.806
39.700	1.785	0.800
39.750	1.785	0.811
39.800	1.785	0.800
39.850	1.796	0.795
39.900	1.780	0.795
39.950	1.790	0.806
40.000	1.785	0.811
40.050	1.775	0.811
40.100	1.775	0.811
40.150	1.785	0.811
40.200	1.775	0.806
40.250	1.785	0.806
40.300	1.785	0.800
40.350	1.780	0.806
40.400	1.780	0.806
40.450	1.775	0.811
40.500	1.775	0.811
40.550	1.780	0.800
40.600	1.775	0.821
40.650	1.785	0.811
40.700	1.785	0.811
40.750	1.780	0.821
40.800	1.775	0.816
40.850	1.780	0.821
40.900	1.769	0.816
40.950	1.764	0.811
41.000	1.769	0.816
41.050	1.769	0.827
41.100	1.764	0.827
41.150	1.764	0.821
41.200	1.769	0.811
41.250	1.769	0.816
41.300	1.759	0.821
41.350	1.764	0.821
41.400	1.775	0.821
41.450	1.764	0.827
41.500	1.769	0.821
41.550	1.759	0.832
41.600	1.764	0.832
41.650	1.764	0.821
41.700	1.769	0.827
41.750	1.769	0.827
41.800	1.769	0.821
41.850	1.764	0.827
41.900	1.759	0.827
41.950	1.764	0.821
42.000	1.764	0.811
42.050	1.764	0.821
42.100	1.753	0.821
42.150	1.759	0.821
42.200	1.753	0.827
42.250	1.753	0.837
42.300	1.753	0.832
42.350	1.769	0.832
42.400	1.764	0.837
42.450	1.753	0.827
42.500	1.748	0.837
42.550	1.759	0.827
42.600	1.759	0.843
42.650	1.753	0.837
42.700	1.748	0.837
42.750	1.759	0.827
42.800	1.759	0.837
42.850	1.753	0.832
42.900	1.748	0.837
42.950	1.748	0.843
43.000	1.743	0.848
43.050	1.753	0.843
43.100	1.753	0.843
43.150	1.753	0.843
43.200	1.748	0.843
43.250	1.743	0.853
43.300	1.748	0.832
43.350	1.743	0.843
43.400	1.748	0.843
43.450	1.748	0.843
43.500	1.743	0.843
43.550	1.743	0.837
43.600	1.743	0.858
43.650	1.743	0.843
43.700	1.743	0.837
43.751	1.748	0.837
43.801	1.748	0.837
43.851	1.738	0.843
43.901	1.738	0.843
43.951	1.738	0.843
44.001	1.738	0.853
44.051	1.748	0.843
44.101	1.738	0.843
44.151	1.743	0.848
44.201	1.743	0.843
44.251	1.743	0.848
44.301	1.743	0.843
44.351	1.743	0.843
44.401	1.738	0.843
44.451	1.738	0.858
44.501	1.732	0.858
44.551	1.743	0.858
44.601	1.732	0.853
44.651	1.738	0.858
44.701	1.738	0.853
44.751	1.738	0.858
44.801	1.743	0.858
44.851	1.732	0.864
44.901	1.732	0.853
44.951	1.732	0.864
45.001	1.727	0.864
45.051	1.727	0.853
45.101	1.738	0.864
45.151	1.732	0.858
45.201	1.727	0.858
45.251	1.732	0.853
45.301	1.727	0.853
45.351	1.727	0.858
45.401	1.727	0.864
45.451	1.727	0.858
45.501	1.722	0.853
45.551	1.717	0.858
45.601	1.722	0.864
45.651	1.727	0.858
45.701	1.727	0.858
45.751	1.727	0.848
45.801	1.717	0.858
45.851	1.717	0.858
45.901	1.717	0.864
45.951	1.722	0.864
46.001	1.727	0.853
46.051	1.717	0.858
46.101	1.706	0.864
46.151	1.727	0.858
46.201	1.711	0.869
46.251	1.722	0.869
46.301	1.717	0.885
46.351	1.722	0.879
46.401	1.711	0.874
46.451	1.717	0.879
46.501	1.711	0.874
46.551	1.711	0.879
46.601	1.717	0.874
46.651	1.717	0.874
46.701	1.722	0.869
46.751	1.711	0.869
46.801	1.717	0.874
46.851	1.711	0.874
46.901	1.711	0.890
46.951	1.701	0.879
47.001	1.711	0.885
47.051	1.711	0.879
47.101	1.706	0.879
47.151	1.706	0.885
47.201	1.717	0.885
47.251	1.701	0.874
47.301	1.706	0.879
47.351	1.701	0.879
47.401	1.711	0.879
47.451	1.711	0.869
47.501	1.706	0.874
47.551	1.717	0.879
47.601	1.711	0.879
47.651	1.711	0.879
47.701	1.711	0.885
47.751	1.701	0.879
47.801	1.711	0.879
47.851	1.706	0.890
47.901	1.701	0.890
47.951	1.706	0.885
48.001	1.706	0.885
48.051	1.706	0.890
48.101	1.696	0.890
48.151	1.696	0.895
48.201	1.701	0.895
48.251	1.706	0.879
48.301	1.696	0.895
48.351	1.701	0.890
48.401	1.696	0.906
48.451	1.696	0.890
48.501	1.696	0.900
48.551	1.701	0.900
48.601	1.701	0.890
48.651	1.706	0.900
48.701	1.696	0.890
48.751	1.690	0.900
48.801	1.701	0.885
48.851	1.701	0.900
48.901	1.696	0.890
48.951	1.696	0.895
49.001	1.690	0.890
49.051	1.696	0.895
49.101	1.696	0.890
49.151	1.696	0.895
49.201	1.690	0.890
49.251	1.696	0.885
49.301	1.690	0.895
49.351	1.690	0.895
49.401	1.685	0.900
49.451	1.690	0.895
49.501	1.696	0.900
49.551	1.696	0.900
49.601	1.690	0.906
49.651	1.696	0.895
49.701	1.690	0.895
49.751	1.690	0.895
49.801	1.685	0.895
49.851	1.690	0.900
49.901	1.680	0.895
49.951	1.685	0.900
50.001	1.696	0.906
50.051	1.685	0.906
50.101	1.685	0.911
50.151	1.685	0.906
50.201	1.675	0.911
50.251	1.675	0.916
50.301	1.680	0.911
50.351	1.680	0.911
50.401	1.680	0.911
50.451	1.675	0.911
50.501	1.680	0.916
50.551	1.675	0.906
50.601	1.680	0.916
50.651	1.685	0.916
50.701	1.685	0.906
50.751	1.680	0.895
50.801	1.675	0.911
50.851	1.675	0.911
50.901	1.675	0.906
50.951	1.680	0.906
51.001	1.675	0.916
51.051	1.675	0.911
51.101	1.680	0.916
51.151	1.675	0.911
51.201	1.675	0.906
51.251	1.680	0.911
51.301	1.669	0.916
51.351	1.669	0.911
51.401	1.675	0.916
51.451	1.675	0.916
51.501	1.680	0.922
51.551	1.675	0.911
51.601	1.675	0.911
51.651	1.675	0.916
51.701	1.669	0.927
51.751	1.664	0.927
51.801	1.664	0.927
51.851	1.669	0.927
51.901	1.669	0.927
51.951	1.669	0.927
52.001	1.669	0.927
52.051	1.664	0.922
52.101	1.664	0.927
52.151	1.669	0.922
52.201	1.669	0.922
52.251	1.669	0.911
52.301	1.669	0.922
52.351	1.664	0.916
52.401	1.659	0.932
52.451	1.664	0.937
52.501	1.664	0.927
52.551	1.653	0.937
52.601	1.653	0.932
52.651	1.659	0.932
52.701	1.664	0.927
52.751	1.664	0.922
52.801	1.659	0.927
52.851	1.659	0.922
52.901	1.659	0.927
52.951	1.659	0.927
53.001	1.669	0.922
53.051	1.664	0.927
53.101	1.664	0.922
53.151	1.659	0.927
53.201	1.664	0.927
53.251	1.659	0.937
53.301	1.659	0.922
53.351	1.653	0.927
53.401	1.653	0.932
53.451	1.659	0.932
53.501	1.653	0.927
53.551	1.659	0.927
53.601	1.664	0.927
53.651	1.659	0.948
53.701	1.648	0.948
53.751	1.659	0.932
53.801	1.659	0.927
53.851	1.659	0.932
53.901	1.648	0.937
53.951	1.648	0.932
54.001	1.653	0.943
54.051	1.653	0.937
54.101	1.659	0.943
54.151	1.659	0.943
54.201	1.653	0.948
54.251	1.659	0.948
54.301	1.648	0.943
54.351	1.648	0.948
54.401	1.653	0.937
54.451	1.648	0.937
54.501	1.648	0.953
54.551	1.643	0.948
54.601	1.653	0.943
54.651	1.648	0.943
54.701	1.653	0.937
54.751	1.648	0.937
54.801	1.643	0.943
54.851	1.648	0.943
54.901	1.648	0.948
54.951	1.648	0.937
55.001	1.643	0.943
55.051	1.638	0.948
55.101	1.643	0.953
55.151	1.632	0.958
55.201	1.638	0.937
55.251	1.643	0.948
55.301	1.643	0.943
55.351	1.648	0.937
55.401	1.638	0.943
55.451	1.638	0.948
55.501	1.643	0.948
55.551	1.638	0.948
55.601	1.643	0.953
55.651	1.643	0.943
55.701	1.643	0.953
55.751	1.632	0.953
55.801	1.638	0.958
55.851	1.643	0.953
55.901	1.632	0.964
55.951	1.638	0.964
56.001	1.643	0.958
56.051	1.638	0.958
56.101	1.638	0.953
56.151	1.627	0.958
56.201	1.627	0.958
56.251	1.638	0.964
56.301	1.643	0.958
56.351	1.643	0.953
56.401	1.643	0.948
56.451	1.627	0.953
56.501	1.632	0.948
56.551	1.638	0.958
56.601	1.638	0.958
56.651	1.622	0.964
56.701	1.627	0.964
56.751	1.632	0.964
56.801	1.632	0.958
56.851	1.638	0.953
56.901	1.632	0.948
56.951	1.627	0.958
57.001	1.622	0.958
57.051	1.627	0.958
57.101	1.632	0.958
57.151	1.632	0.958
57.201	1.638	0.953
57.251	1.627	0.958
57.301	1.627	0.964
57.351	1.627	0.969
57.401	1.627	0.964
57.451	1.627	0.964
57.501	1.632	0.969
57.551	1.627	0.969
57.601	1.617	0.974
57.651	1.611	0.974
57.701	1.622	0.974
57.751	1.617	0.974
57.801	1.627	0.974
57.851	1.627	0.964
57.901	1.617	0.969
57.951	1.617	0.969
58.001	1.622	0.969
58.051	1.627	0.969
58.101	1.622	0.969
58.151	1.617	0.974
58.201	1.622	0.974
58.251	1.622	0.979
58.301	1.617	0.979
58.351	1.627	0.979
58.401	1.611	0.964
58.451	1.617	0.974
58.501	1.622	0.974
58.551	1.622	0.969
58.601	1.617	0.969
58.651	1.617	0.969
58.701	1.622	0.969
58.751	1.622	0.964
58.801	1.617	0.974
58.851	1.611	0.974
58.901	1.611	0.969
58.951	1.611	0.974
59.001	1.622	0.969
59.051	1.622	0.969
59.100	1.622	0.969
59.150	1.606	0.979
59.200	1.617	0.974
59.250	1.622	0.974
59.300	1.611	0.974
59.350	1.606	0.979
59.400	1.601	0.979
59.450	1.617	0.979
59.500	1.617	0.974
59.550	1.617	0.979
59.600	1.611	0.974
59.650	1.601	0.979
59.700	1.606	0.974
59.750	1.617	0.985
59.800	1.617	0.974
59.850	1.611	0.974
59.900	1.611	0.974
59.950	1.611	0.985
60.000	1.606	0.985
60.050	1.606	0.979
60.100	1.611	0.995
60.150	1.611	0.990
60.200	1.611	0.985
60.250	1.611	0.990
60.300	1.601	0.995
60.350	1.596	0.995
60.400	1.601	0.995
60.450	1.601	0.990
60.500	1.601	0.985
60.550	1.601	0.990
60.600	1.601	0.995
60.650	1.596	0.985
60.700	1.606	0.995
60.750	1.601	0.990
60.800	1.596	1.000
60.850	1.590	0.995
60.900	1.601	0.995
60.950	1.601	1.000
61.000	1.601	0.995
61.050	1.606	0.985
61.100	1.596	0.995
61.150	1.596	0.995
61.201	1.596	0.990
61.251	1.596	0.985
61.301	1.601	0.990
61.351	1.601	0.990
61.401	1.606	0.985
61.451	1.601	0.990
61.501	1.590	0.990
61.551	1.596	0.990
61.601	1.590	0.990
61.651	1.601	0.985
61.701	1.606	0.985
61.751	1.601	1.000
61.801	1.601	0.995
61.851	1.585	0.995
61.901	1.596	1.006
61.951	1.590	1.000
62.001	1.601	0.995
62.051	1.585	0.995
62.101	1.596	1.000
62.151	1.596	1.000
62.201	1.590	1.000
62.251	1.596	0.979
62.301	1.590	1.000
62.351	1.590	0.990
62.401	1.590	0.995
62.451	1.590	1.006
62.501	1.585	1.011
62.551	1.596	1.006
62.601	1.590	1.006
62.651	1.590	1.000
62.701	1.585	1.006
62.751	1.585	1.011
62.801	1.596	1.006
62.851	1.596	1.006
62.901	1.590	1.006
62.951	1.585	1.011
63.001	1.585	1.006
63.051	1.585	1.000
63.101	1.585	0.995
63.151	1.590	1.011
63.201	1.590	1.000
63.251	1.580	1.000
63.301	1.585	0.995
63.351	1.585	1.011
63.401	1.585	1.000
63.451	1.590	1.006
63.501	1.580	1.011
63.551	1.580	1.016
63.601	1.580	1.011
63.651	1.585	1.016
63.701	1.580	1.000
63.751	1.585	1.011
63.801	1.585	1.000
63.851	1.580	1.006
63.901	1.580	1.006
63.951	1.569	1.011
64.001	1.574	1.011
64.051	1.585	1.006
64.101	1.590	1.000
64.151	1.580	1.011
64.201	1.574	1.011
64.251	1.574	1.011
64.301	1.569	1.027
64.351	1.574	1.016
64.401	1.585	1.022
64.451	1.585	1.022
64.501	1.574	1.022
64.551	1.569	1.016
64.601	1.574	1.027
64.651	1.574	1.022
64.701	1.569	1.022
64.751	1.580	1.022
64.801	1.585	1.016
64.851	1.574	1.016
64.901	1.574	1.022
64.951	1.574	1.022
65.001	1.574	1.022
65.051	1.574	1.022
65.101	1.569	1.022
65.151	1.569	1.022
65.201	1.574	1.022
65.251	1.580	1.022
65.301	1.569	1.016
65.351	1.580	1.011
65.401	1.569	1.022
65.451	1.569	1.022
65.501	1.569	1.027
65.551	1.569	1.016
65.601	1.574	1.016
65.651	1.574	1.022
65.701	1.574	1.016
65.751	1.564	1.022
65.801	1.569	1.011
65.851	1.574	1.022
65.901	1.564	1.027
65.951	1.564	1.022
66.001	1.574	1.016
66.051	1.580	1.022
66.101	1.564	1.027
66.151	1.559	1.032
66.201	1.569	1.022
66.251	1.564	1.022
66.301	1.569	1.016
66.351	1.569	1.016
66.401	1.564	1.027
66.451	1.569	1.022
66.501	1.569	1.022
66.551	1.569	1.022
66.601	1.564	1.032
66.651	1.569	1.032
66.701	1.564	1.027
66.751	1.559	1.037
66.801	1.564	1.043
66.851	1.564	1.037
66.901	1.569	1.032
66.951	1.559	1.032
67.001	1.559	1.032
67.051	1.559	1.027
67.101	1.559	1.027
67.151	1.559	1.037
67.201	1.564	1.032
67.251	1.559	1.032
67.301	1.553	1.032
67.351	1.559	1.032
67.401	1.553	1.027
67.451	1.559	1.027
67.501	1.559	1.032
67.551	1.569	1.027
67.601	1.553	1.032
67.651	1.559	1.037
67.701	1.553	1.032
67.751	1.564	1.037
67.801	1.564	1.032
67.851	1.564	1.032
67.901	1.559	1.027
67.951	1.559	1.022
68.001	1.559	1.032
68.051	1.553	1.032
68.101	1.564	1.032
68.151	1.548	1.032
68.201	1.553	1.032
68.251	1.553	1.037
68.301	1.559	1.048
68.351	1.548	1.043
68.401	1.553	1.048
68.451	1.553	1.043
68.501	1.548	1.037
68.551	1.553	1.043
68.601	1.559	1.043
68.651	1.548	1.048
68.701	1.543	1.048
68.751	1.548	1.053
68.801	1.548	1.037
68.851	1.548	1.037
68.901	1.548	1.043
68.951	1.559	1.048
69.001	1.553	1.043
69.051	1.553	1.043
69.101	1.559	1.037
69.151	1.553	1.037
69.201	1.553	1.053
69.251	1.553	1.043
69.301	1.548	1.048
69.351	1.543	1.048
69.401	1.548	1.053
69.451	1.543	1.043
69.501	1.548	1.053
69.551	1.548	1.053
69.601	1.548	1.048
69.651	1.543	1.037
69.701	1.553	1.043
69.751	1.543	1.048
69.801	1.543	1.043
69.851	1.538	1.043
69.901	1.548	1.043
69.951	1.548	1.048
70.001	1.548	1.048
70.051	1.548	1.048
70.101	1.543	1.037
70.151	1.543	1.053
70.201	1.548	1.043
70.251	1.553	1.048
70.301	1.548	1.048
70.351	1.538	1.048
70.401	1.548	1.048
70.451	1.553	1.043
70.501	1.548	1.043
70.551	1.548	1.043
70.601	1.543	1.053
70.651	1.543	1.048
70.701	1.538	1.048
70.751	1.538	1.048
70.801	1.538	1.058
70.851	1.548	1.048
70.901	1.543	1.053
70.951	1.538	1.053
71.001	1.538	1.053
71.051	1.538	1.058
71.101	1.532	1.058
71.151	1.543	1.058
71.201	1.543	1.053
71.251	1.538	1.053
71.301	1.543	1.058
71.351	1.538	1.053
71.401	1.538	1.064
71.451	1.532	1.058
71.501	1.538	1.053
71.551	1.543	1.053
71.601	1.538	1.053
71.651	1.538	1.058
71.701	1.543	1.053
71.751	1.538	1.053
71.801	1.543	1.064
71.851	1.548	1.064
71.901	1.532	1.064
71.951	1.527	1.058
72.001	1.538	1.058
72.051	1.538	1.058
72.101	1.543	1.058
72.151	1.532	1.058
72.201	1.538	1.048
72.251	1.532	1.058
72.301	1.532	1.053
72.351	1.538	1.064
72.401	1.538	1.058
72.451	1.532	1.053
72.501	1.538	1.058
72.551	1.532	1.058
72.601	1.532	1.064
72.651	1.527	1.069
72.701	1.527	1.074
72.751	1.532	1.064
72.801	1.532	1.074
72.851	1.532	1.064
72.901	1.522	1.069
72.951	1.522	1.069
73.001	1.532	1.069
73.051	1.527	1.064
73.101	1.527	1.064
73.151	1.527	1.064
73.201	1.522	1.069
73.251	1.527	1.074
73.301	1.527	1.069
73.351	1.532	1.069
73.401	1.517	1.058
73.451	1.522	1.069
73.501	1.517	1.074
73.551	1.522	1.074
73.601	1.532	1.074
73.651	1.527	1.074
73.701	1.522	1.069
73.751	1.522	1.069
73.801	1.522	1.064
73.851	1.522	1.064
73.901	1.522	1.074
73.951	1.527	1.064
74.001	1.527	1.069
74.051	1.527	1.064
74.101	1.522	1.069
74.151	1.517	1.064
74.201	1.527	1.064
74.251	1.527	1.064
74.301	1.527	1.064
74.351	1.532	1.069
74.401	1.522	1.064
74.451	1.517	1.074
74.501	1.527	1.069
74.551	1.527	1.074
74.601	1.522	1.064
74.651	1.517	1.074
74.701	1.517	1.069
74.751	1.522	1.064
74.801	1.517	1.064
74.851	1.527	1.069
74.901	1.522	1.079
74.951	1.511	1.074
75.001	1.511	1.074
75.051	1.511	1.074
75.101	1.511	1.085
75.151	1.517	1.079
75.201	1.517	1.085
75.251	1.527	1.069
75.301	1.522	1.074
75.351	1.517	1.085
75.401	1.517	1.079
75.451	1.511	1.074
75.501	1.522	1.085
75.551	1.517	1.079
75.601	1.522	1.085
75.651	1.522	1.064
75.701	1.517	1.074
75.751	1.511	1.085
75.801	1.506	1.079
75.851	1.511	1.069
75.901	1.506	1.085
75.951	1.506	1.085
76.001	1.511	1.085
76.051	1.511	1.085
76.101	1.517	1.085
76.151	1.517	1.074
76.201	1.517	1.079
76.251	1.511	1.085
76.301	1.506	1.074
76.351	1.511	1.079
76.401	1.506	1.079
76.451	1.517	1.074
76.501	1.522	1.074
76.551	1.506	1.085
76.600	1.511	1.085
76.650	1.511	1.079
76.700	1.511	1.079
76.750	1.511	1.085
76.800	1.517	1.079
76.850	1.511	1.074
76.900	1.522	1.074
76.950	1.501	1.079
77.000	1.506	1.079
77.050	1.511	1.079
77.100	1.511	1.074
77.150	1.511	1.085
77.200	1.506	1.085
77.250	1.511	1.085
77.300	1.506	1.079
77.350	1.511	1.079
77.400	1.506	1.085
77.450	1.501	1.079
77.500	1.501	1.085
77.550	1.506	1.079
77.600	1.506	1.085
77.650	1.511	1.090
77.700	1.501	1.085
77.750	1.495	1.085
77.800	1.501	1.090
77.850	1.501	1.090
77.900	1.501	1.095
77.950	1.506	1.095
78.000	1.506	1.095
78.050	1.511	1.101
78.100	1.506	1.090
78.150	1.495	1.101
78.200	1.495	1.101
78.250	1.495	1.095
78.300	1.495	1.090
78.350	1.506	1.090
78.400	1.495	1.095
78.450	1.506	1.090
78.500	1.501	1.090
78.550	1.501	1.090
78.600	1.495	1.090
78.650	1.501	1.095
78.701	1.501	1.106
78.751	1.501	1.090
78.801	1.501	1.101
78.851	1.501	1.090
78.901	1.501	1.095
78.951	1.506	1.095
79.001	1.490	1.101
79.051	1.495	1.090
79.101	1.495	1.095
79.151	1.495	1.095
79.201	1.495	1.095
79.251	1.501	1.090
79.301	1.506	1.090
79.351	1.495	1.090
79.401	1.490	1.095
79.451	1.495	1.090
79.501	1.501	1.090
79.551	1.490	1.101
79.601	1.506	1.095
79.651	1.495	1.095
79.701	1.501	1.095
79.751	1.495	1.101
79.801	1.490	1.095
79.851	1.485	1.106
79.901	1.495	1.111
79.951	1.501	1.106
80.001	1.490	1.106
80.051	1.501	1.095
80.101	1.506	1.101
80.151	1.495	1.095
80.201	1.501	1.079
80.251	1.485	1.101
80.301	1.495	1.101
80.351	1.490	1.101
80.401	1.490	1.106
80.451	1.495	1.106
80.501	1.495	1.106
80.551	1.501	1.101
80.601	1.490	1.111
80.651	1.485	1.111
80.701	1.485	1.106
80.751	1.490	1.111
80.801	1.490	1.101
80.851	1.501	1.106
80.901	1.495	1.095
80.951	1.490	1.101
81.001	1.485	1.106
81.051	1.490	1.106
81.101	1.495	1.101
81.151	1.485	1.101
81.201	1.501	1.095
81.251	1.495	1.101
81.301	1.490	1.101
81.351	1.490	1.106
81.401	1.490	1.111
81.451	1.480	1.106
81.501	1.501	1.101
81.551	1.480	1.101
81.601	1.485	1.101
81.651	1.490	1.111
81.701	1.490	1.111
81.751	1.495	1.101
81.801	1.501	1.095
81.851	1.480	1.106
81.901	1.485	1.106
81.951	1.485	1.106
82.001	1.485	1.106
82.051	1.490	1.106
82.101	1.495	1.106
82.151	1.490	1.111
82.201	1.485	1.116
82.251	1.480	1.116
82.301	1.485	1.116
82.351	1.485	1.116
82.401	1.485	1.116
82.451	1.480	1.116
82.501	1.490	1.111
82.551	1.485	1.116
82.601	1.474	1.111
82.651	1.485	1.106
82.701	1.480	1.111
82.751	1.480	1.116
82.801	1.485	1.122
82.851	1.485	1.116
82.901	1.480	1.116
82.951	1.490	1.116
83.001	1.485	1.116
83.051	1.490	1.122
83.101	1.474	1.111
83.151	1.480	1.111
83.201	1.480	1.122
83.251	1.485	1.116
83.301	1.480	1.111
83.351	1.485	1.111
83.401	1.480	1.111
83.451	1.485	1.111
83.501	1.485	1.127
83.551	1.480	1.111
83.601	1.480	1.106
83.651	1.480	1.106
83.701	1.480	1.106
83.751	1.485	1.111
83.801	1.485	1.106
83.851	1.480	1.111
83.901	1.480	1.122
83.951	1.469	1.127
84.001	1.469	1.127
84.051	1.480	1.122
84.101	1.474	1.116
84.151	1.485	1.122
84.201	1.469	1.122
84.251	1.480	1.111
84.301	1.480	1.116
84.351	1.474	1.116
84.401	1.469	1.111
84.451	1.464	1.122
84.501	1.485	1.111
84.551	1.474	1.111
84.601	1.474	1.111
84.651	1.469	1.122
84.701	1.464	1.122
84.751	1.480	1.122
84.801	1.474	1.116
84.851	1.480	1.122
84.901	1.480	1.132
84.951	1.474	1.127
85.001	1.474	1.132
85.051	1.469	1.132
85.101	1.474	1.132
85.151	1.469	1.122
85.201	1.464	1.116
85.251	1.474	1.127
85.301	1.469	1.122
85.351	1.485	1.111
85.401	1.485	1.116
85.451	1.469	1.116
85.501	1.464	1.122
85.551	1.464	1.132
85.601	1.469	1.127
85.651	1.474	1.122
85.701	1.469	1.132
85.751	1.469	1.127
85.801	1.474	1.122
85.851	1.480	1.122
85.901	1.474	1.116
85.951	1.469	1.122
86.001	1.464	1.127
86.051	1.464	1.127
86.101	1.469	1.122
86.151	1.464	1.116
86.201	1.474	1.122
86.251	1.469	1.122
86.301	1.464	1.116
86.351	1.464	1.132
86.401	1.469	1.132
86.451	1.474	1.116
86.501	1.469	1.127
86.551	1.469	1.132
86.601	1.469	1.132
86.651	1.474	1.132
86.701	1.464	1.132
86.751	1.464	1.122
86.801	1.464	1.127
86.851	1.464	1.127
86.901	1.459	1.127
86.951	1.464	1.127
87.001	1.464	1.132
87.051	1.464	1.132
87.101	1.469	1.127
87.151	1.469	1.132
87.201	1.474	1.143
87.251	1.459	1.137
87.301	1.464	1.143
87.351	1.464	1.143
87.401	1.459	1.132
87.451	1.459	1.137
87.501	1.464	1.127
87.551	1.464	1.132
87.601	1.459	1.132
87.651	1.464	1.132
87.701	1.459	1.127
87.751	1.469	1.122
87.801	1.469	1.122
87.851	1.469	1.127
87.901	1.464	1.137
87.951	1.453	1.127
88.001	1.459	1.132
88.051	1.459	1.132
88.101	1.453	1.137
88.151	1.459	1.132
88.201	1.459	1.132
88.251	1.464	1.143
88.301	1.459	1.127
88.351	1.464	1.122
88.401	1.469	1.127
88.451	1.453	1.132
88.501	1.469	1.127
88.551	1.453	1.127
88.601	1.459	1.132
88.651	1.469	1.132
88.701	1.459	1.137
88.751	1.459	1.132
88.801	1.464	1.148
88.851	1.453	1.143
88.901	1.453	1.143
88.951	1.453	1.143
89.001	1.464	1.137
89.051	1.453	1.148
89.101	1.459	1.137
89.151	1.453	1.143
89.201	1.453	1.143
89.251	1.453	1.148
89.301	1.453	1.137
89.351	1.453	1.132
89.401	1.459	1.143
89.451	1.464	1.137
89.501	1.448	1.143
89.551	1.448	1.137
89.601	1.448	1.132
89.651	1.453	1.132
89.701	1.459	1.148
89.751	1.453	1.143
89.801	1.448	1.148
89.851	1.448	1.148
89.901	1.459	1.148
89.951	1.459	1.148
90.001	1.453	1.143
90.051	1.453	1.137
90.101	1.459	1.132
90.151	1.448	1.137
90.201	1.448	1.143
90.251	1.453	1.143
90.301	1.453	1.137
90.351	1.448	1.132
90.401	1.459	1.137
90.451	1.459	1.148
90.501	1.459	1.143
90.551	1.453	1.143
90.601	1.453	1.143
90.651	1.464	1.137
90.701	1.453	1.148
90.751	1.453	1.143
90.801	1.453	1.153
90.851	1.448	1.158
90.901	1.448	1.153
90.951	1.448	1.153
91.001	1.448	1.153
91.051	1.453	1.153
91.101	1.448	1.148
91.151	1.453	1.143
91.201	1.459	1.143
91.251	1.448	1.153
91.301	1.453	1.137
91.351	1.453	1.143
91.401	1.448	1.148
91.451	1.443	1.158
91.501	1.448	1.158
91.551	1.448	1.158
91.601	1.459	1.153
91.651	1.453	1.148
91.701	1.453	1.148
91.751	1.443	1.153
91.801	1.443	1.153
91.851	1.448	1.143
91.901	1.453	1.148
91.951	1.448	1.143
92.001	1.453	1.137
92.051	1.453	1.137
92.101	1.448	1.148
92.151	1.443	1.143
92.201	1.448	1.148
92.251	1.453	1.143
92.301	1.438	1.153
92.351	1.443	1.143
92.401	1.448	1.148
92.451	1.448	1.158
92.501	1.443	1.143
92.551	1.432	1.153
92.601	1.453	1.148
92.651	1.443	1.164
92.701	1.448	1.164
92.751	1.448	1.153
92.801	1.443	1.158
92.851	1.443	1.148
92.901	1.448	1.158
92.951	1.453	1.153
93.001	1.443	1.153
93.051	1.438	1.158
93.101	1.438	1.158
93.151	1.443	1.158
93.201	1.443	1.158
93.251	1.432	1.153
93.301	1.443	1.158
93.351	1.448	1.153
93.401	1.438	1.158
93.451	1.443	1.158
93.501	1.438	1.158
93.551	1.448	1.158
93.601	1.448	1.148
93.651	1.443	1.148
93.701	1.443	1.153
93.751	1.438	1.148
93.801	1.427	1.153
93.851	1.438	1.158
93.901	1.438	1.164
93.951	1.438	1.164
94.001	1.427	1.158
94.051	1.448	1.158
94.101	1.448	1.164
94.151	1.438	1.153
94.201	1.448	1.153
94.251	1.443	1.153
94.301	1.443	1.148
94.351	1.432	1.158
94.401	1.432	1.158
94.451	1.443	1.153
94.501	1.448	1.153
94.551	1.438	1.148
94.601	1.448	1.153
94.651	1.432	1.153
94.701	1.438	1.153
94.751	1.438	1.158
94.801	1.438	1.158
94.851	1.438	1.158
94.901	1.432	1.169
94.951	1.438	1.164
95.001	1.432	1.158
95.051	1.432	1.169
95.101	1.432	1.158
95.151	1.443	1.158
95.201	1.438	1.164
95.251	1.432	1.153
95.301	1.438	1.153
95.351	1.438	1.153
95.401	1.443	1.153
95.451	1.448	1.153
95.501	1.438	1.158
95.551	1.432	1.158
95.601	1.432	1.158
95.651	1.438	1.158
95.701	1.443	1.169
95.751	1.438	1.169
95.801	1.438	1.153
95.851	1.432	1.169
95.901	1.432	1.164
95.951	1.432	1.164
96.001	1.438	1.169
96.051	1.432	1.153
96.101	1.438	1.158
96.151	1.438	1.158
96.202	1.422	1.169
96.252	1.432	1.153
96.302	1.443	1.158
96.352	1.438	1.158
96.402	1.427	1.158
96.452	1.443	1.158
96.502	1.432	1.158
96.552	1.443	1.153
96.602	1.422	1.164
96.652	1.432	1.169
96.702	1.438	1.158
96.752	1.432	1.169
96.802	1.432	1.153
96.852	1.427	1.158
96.902	1.427	1.164
96.952	1.438	1.158
97.002	1.432	1.164
97.052	1.438	1.169
97.102	1.427	1.164
97.152	1.432	1.158
97.202	1.422	1.169
97.252	1.432	1.164
97.302	1.438	1.158
97.352	1.422	1.169
97.402	1.427	1.164
97.452	1.427	1.174
97.502	1.432	1.174
97.552	1.416	1.174
97.602	1.427	1.174
97.652	1.422	1.174
97.702	1.427	1.169
97.752	1.438	1.164
97.802	1.432	1.169
97.852	1.422	1.174
97.902	1.422	1.174
97.952	1.427	1.164
98.002	1.438	1.169
98.052	1.422	1.169
98.102	1.427	1.174
98.152	1.427	1.185
98.202	1.422	1.180
98.252	1.416	1.174
98.302	1.432	1.174
98.352	1.427	1.174
98.402	1.438	1.158
98.452	1.416	1.174
98.502	1.422	1.169
98.552	1.422	1.164
98.602	1.427	1.169
98.652	1.432	1.158
98.702	1.432	1.164
98.752	1.427	1.169
98.802	1.422	1.169
98.852	1.427	1.169
98.902	1.427	1.169
98.952	1.427	1.169
99.002	1.422	1.185
99.052	1.427	1.174
99.102	1.427	1.169
99.152	1.422	1.180
99.202	1.427	1.180
99.252	1.427	1.180
99.302	1.422	1.180
99.352	1.427	1.185
99.402	1.422	1.164
99.452	1.422	1.174
99.502	1.422	1.174
99.552	1.427	1.174
99.602	1.422	1.174
99.652	1.427	1.174
99.702	1.427	1.174
99.752	1.427	1.174
99.802	1.422	1.185
99.852	1.422	1.180
99.902	1.416	1.174
99.952	1.427	1.174
100.002	1.432	1.174
100.052	1.416	1.185
100.102	1.427	1.169
100.152	1.427	1.174
100.202	1.416	1.180
100.252	1.411	1.174
100.302	1.416	1.185
100.352	1.422	1.185
100.402	1.416	1.174
100.452	1.422	1.180
100.502	1.422	1.174
100.552	1.422	1.174
100.602	1.422	1.169
100.652	1.416	1.174
100.702	1.416	1.169
100.752	1.422	1.169
100.802	1.427	1.185
100.852	1.422	1.180
100.902	1.411	1.185
100.952	1.416	1.180
101.002	1.411	1.174
101.052	1.416	1.180
101.102	1.422	1.169
101.152	1.416	1.174
101.202	1.422	1.174
101.252	1.422	1.174
101.302	1.416	1.174
101.352	1.422	1.180
101.402	1.416	1.169
101.452	1.427	1.180
101.502	1.422	1.185
101.552	1.416	1.185
101.602	1.416	1.180
101.652	1.411	1.180
101.702	1.411	1.180
101.752	1.416	1.180
101.802	1.411	1.174
101.852	1.416	1.190
101.902	1.422	1.185
101.952	1.416	1.185
102.002	1.416	1.180
102.052	1.411	1.180
102.102	1.411	1.185
102.152	1.416	1.185
102.202	1.416	1.185
102.252	1.411	1.190
102.302	1.411	1.185
102.352	1.411	1.190
102.402	1.416	1.180
102.452	1.422	1.185
102.502	1.422	1.195
102.552	1.416	1.180
102.602	1.406	1.190
102.652	1.406	1.185
102.702	1.411	1.174
102.752	1.411	1.185
102.802	1.411	1.174
102.852	1.427	1.174
102.902	1.422	1.174
102.952	1.406	1.174
103.002	1.411	1.180
103.052	1.411	1.169
103.102	1.416	1.174
103.152	1.416	1.174
103.202	1.422	1.180
103.252	1.416	1.190
103.302	1.406	1.195
103.352	1.416	1.185
103.402	1.411	1.180
103.452	1.416	1.185
103.502	1.411	1.190
103.552	1.422	1.180
103.602	1.406	1.180
103.652	1.416	1.180
103.702	1.422	1.180
103.752	1.422	1.185
103.802	1.406	1.185
103.852	1.411	1.180
103.902	1.411	1.185
103.952	1.411	1.185
104.002	1.406	1.190
104.052	1.411	1.190
104.102	1.411	1.190
104.152	1.411	1.190
104.202	1.401	1.195
104.252	1.411	1.185
104.302	1.406	1.185
104.352	1.395	1.185
104.402	1.411	1.190
104.452	1.406	1.190
104.502	1.411	1.180
104.552	1.406	1.180
104.602	1.411	1.180
104.652	1.406	1.180
104.702	1.401	1.185
104.752	1.406	1.190
104.802	1.416	1.180
104.852	1.406	1.190
104.902	1.427	1.180
104.952	1.401	1.190
105.002	1.406	1.195
105.052	1.401	1.190
105.102	1.411	1.190
105.152	1.401	1.185
105.202	1.406	1.185
105.252	1.406	1.185
105.302	1.411	1.185
105.352	1.416	1.185
105.402	1.406	1.180
105.452	1.401	1.185
105.502	1.411	1.195
105.552	1.401	1.190
105.602	1.406	1.190
105.652	1.411	1.180
105.702	1.411	1.190
105.752	1.406	1.180
105.802	1.416	1.195
105.852	1.406	1.195
105.902	1.395	1.195
105.952	1.406	1.201
106.002	1.406	1.195
106.052	1.416	1.195
106.102	1.411	1.190
106.152	1.411	1.195
106.202	1.411	1.190
106.252	1.401	1.190
106.302	1.411	1.201
106.352	1.411	1.195
106.402	1.401	1.195
106.452	1.406	1.201
106.502	1.395	1.201
106.552	1.401	1.201
106.602	1.401	1.195
106.652	1.401	1.190
106.702	1.401	1.201
106.752	1.406	1.195
106.802	1.401	1.190
106.852	1.411	1.185
106.902	1.411	1.201
106.952	1.406	1.185
107.002	1.411	1.185
107.052	1.411	1.185
107.102	1.390	1.195
107.152	1.401	1.190
107.202	1.401	1.195
107.252	1.401	1.195
107.302	1.395	1.201
107.352	1.411	1.185
107.402	1.406	1.190
107.452	1.401	1.190
107.502	1.406	1.206
107.552	1.406	1.201
107.602	1.401	1.201
107.652	1.395	1.206
107.702	1.395	1.190
107.752	1.390	1.195
107.802	1.406	1.190
107.852	1.401	1.201
107.902	1.390	1.190
107.952	1.401	1.195
108.002	1.401	1.201
108.052	1.401	1.195
108.102	1.401	1.201
108.152	1.406	1.195
108.202	1.406	1.195
108.252	1.406	1.201
108.302	1.395	1.206
108.352	1.395	1.201
108.402	1.395	1.195
108.452	1.401	1.195
108.502	1.401	1.201
108.552	1.406	1.195
108.602	1.401	1.195
108.652	1.406	1.185
108.702	1.411	1.190
108.752	1.401	1.190
108.802	1.401	1.195
108.852	1.390	1.195
108.902	1.406	1.201
108.952	1.406	1.195
109.002	1.395	1.195
109.052	1.401	1.190
109.102	1.390	1.201
109.152	1.401	1.201
109.202	1.395	1.201
109.252	1.406	1.195
109.302	1.390	1.190
109.352	1.401	1.201
109.402	1.401	1.195
109.452	1.395	1.195
109.502	1.406	1.201
109.552	1.395	1.201
109.602	1.401	1.190
109.652	1.406	1.195
109.702	1.401	1.201
109.752	1.390	1.206
109.802	1.395	1.195
109.852	1.401	1.206
109.902	1.401	1.201
109.952	1.395	1.201
110.002	1.390	1.201
110.052	1.390	1.206
110.102	1.395	1.206
110.152	1.401	1.206
110.202	1.401	1.211
110.252	1.395	1.206
110.302	1.401	1.201
110.352	1.390	1.195
110.402	1.395	1.195
110.452	1.401	1.211
110.502	1.401	1.201
110.552	1.390	1.201
110.602	1.390	1.211
110.652	1.395	1.206
110.702	1.401	1.211
110.752	1.395	1.201
110.802	1.395	1.206
110.852	1.390	1.201
110.902	1.395	1.206
110.952	1.401	1.216
111.002	1.395	1.201
111.052	1.401	1.201
111.102	1.406	1.201
111.152	1.401	1.201
111.202	1.390	1.201
111.252	1.385	1.195
111.302	1.385	1.206
111.352	1.390	1.201
111.402	1.395	1.201
111.452	1.395	1.195
111.502	1.395	1.195
111.551	1.395	1.195
111.601	1.395	1.201
111.651	1.395	1.201
111.701	1.390	1.201
111.751	1.395	1.195
111.801	1.390	1.195
111.851	1.390	1.216
111.901	1.395	1.206
111.951	1.406	1.201
112.001	1.395	1.206
112.051	1.390	1.206
112.101	1.385	1.201
112.151	1.390	1.206
112.201	1.395	1.201
112.251	1.390	1.206
112.301	1.401	1.201
112.351	1.390	1.201
112.401	1.395	1.201
112.451	1.385	1.201
112.501	1.390	1.201
112.551	1.385	1.201
112.601	1.390	1.211
112.651	1.385	1.216
112.701	1.385	1.206
112.751	1.390	1.211
112.801	1.380	1.216
112.851	1.385	1.216
112.901	1.385	1.216
112.951	1.390	1.216
113.001	1.401	1.211
113.051	1.390	1.206
113.101	1.385	1.211
113.151	1.390	1.206
113.201	1.390	1.201
113.251	1.401	1.206
113.301	1.390	1.211
113.351	1.390	1.211
113.401	1.385	1.211
113.451	1.390	1.216
113.501	1.395	1.211
113.551	1.390	1.222
113.601	1.401	1.211
113.652	1.374	1.216
113.702	1.385	1.206
113.752	1.390	1.206
113.802	1.385	1.211
113.852	1.390	1.211
113.902	1.395	1.195
113.952	1.390	1.211
114.002	1.385	1.201
114.052	1.395	1.201
114.102	1.385	1.206
114.152	1.390	1.201
114.202	1.385	1.206
114.252	1.390	1.206
114.302	1.395	1.206
114.352	1.395	1.211
114.402	1.385	1.216
114.452	1.385	1.222
114.502	1.380	1.222
114.552	1.380	1.216
114.602	1.395	1.206
114.652	1.380	1.211
114.702	1.385	1.211
114.752	1.390	1.206
114.802	1.395	1.201
114.852	1.385	1.206
114.902	1.390	1.206
114.952	1.390	1.222
115.002	1.385	1.222
115.052	1.385	1.222
115.102	1.380	1.227
115.152	1.380	1.216
115.202	1.390	1.216
115.252	1.385	1.211
115.302	1.390	1.211
115.352	1.385	1.206
115.402	1.380	1.216
115.452	1.374	1.216
115.502	1.385	1.211
115.552	1.385	1.211
115.602	1.385	1.206
115.652	1.390	1.211
115.702	1.390	1.216
115.752	1.385	1.216
115.802	1.385	1.216
115.852	1.390	1.211
115.902	1.380	1.216
115.952	1.380	1.216
116.002	1.390	1.211
116.052	1.380	1.222
116.102	1.385	1.222
116.152	1.380	1.211
116.202	1.380	1.216
116.252	1.380	1.211
116.302	1.380	1.216
116.352	1.390	1.211
116.402	1.390	1.211
116.452	1.395	1.206
116.502	1.385	1.201
116.552	1.380	1.211
116.602	1.385	1.222
116.652	1.380	1.216
116.702	1.380	1.216
116.752	1.385	1.216
116.802	1.385	1.216
116.852	1.385	1.216
116.902	1.385	1.227
116.952	1.374	1.211
117.002	1.369	1.216
117.052	1.374	1.227
117.102	1.380	1.216
117.152	1.380	1.227
117.202	1.380	1.222
117.252	1.374	1.216
117.302	1.380	1.216
117.352	1.374	1.211
117.402	1.380	1.227
117.452	1.380	1.216
117.502	1.380	1.222
117.552	1.374	1.232
117.602	1.374	1.227
117.652	1.380	1.227
117.702	1.380	1.216
117.752	1.380	1.216
117.802	1.380	1.222
117.852	1.385	1.216
117.902	1.380	1.216
117.952	1.380	1.222
118.002	1.385	1.216
118.052	1.385	1.211
118.102	1.380	1.216
118.152	1.374	1.211
118.202	1.374	1.216
118.252	1.374	1.222
118.302	1.380	1.216
118.352	1.374	1.227
118.402	1.374	1.222
118.452	1.380	1.232
118.502	1.380	1.232
118.552	1.380	1.222
118.602	1.374	1.227
118.652	1.369	1.227
118.702	1.380	1.227
118.752	1.385	1.216
118.802	1.380	1.227
118.852	1.374	1.222
118.902	1.385	1.222
118.952	1.374	1.227
119.002	1.380	1.227
119.052	1.385	1.222
119.102	1.380	1.227
119.152	1.380	1.232
119.202	1.369	1.222
119.252	1.380	1.222
119.302	1.374	1.227
119.352	1.374	1.227
119.402	1.380	1.232
119.452	1.380	1.222
119.502	1.369	1.222
119.552	1.369	1.222
119.602	1.374	1.222
119.652	1.380	1.216
119.702	1.385	1.216
119.752	1.374	1.222
119.802	1.380	1.222
119.852	1.380	1.216
119.902	1.380	1.216
119.952	1.380	1.222
120.002	1.374	1.216
120.052	1.380	1.222
120.102	1.380	1.216
120.152	1.374	1.222
120.202	1.380	1.232
120.252	1.374	1.232
120.302	1.380	1.216
120.352	1.369	1.216
120.402	1.369	1.222
120.452	1.374	1.216
120.502	1.385	1.216
120.552	1.385	1.222
120.602	1.374	1.211
120.652	1.374	1.222
120.702	1.380	1.227
120.752	1.380	1.222
120.802	1.380	1.222
120.852	1.374	1.227
120.902	1.374	1.227
120.952	1.380	1.227
121.002	1.374	1.232
121.052	1.369	1.232
121.102	1.369	1.232
121.152	1.374	1.232
121.202	1.374	1.227
121.252	1.380	1.227
121.302	1.380	1.227
121.352	1.380	1.232
121.402	1.374	1.222
121.452	1.374	1.227
121.502	1.369	1.222
121.552	1.374	1.232
121.602	1.374	1.227
121.652	1.369	1.227
121.702	1.364	1.227
121.752	1.364	1.227
121.802	1.374	1.222
121.852	1.364	1.227
121.902	1.374	1.216
121.952	1.380	1.216
122.002	1.380	1.211
122.052	1.380	1.222
122.102	1.364	1.222
122.152	1.380	1.216
122.202	1.380	1.222
122.252	1.369	1.216
122.302	1.374	1.232
122.352	1.369	1.227
122.402	1.369	1.227
122.452	1.369	1.232
122.502	1.364	1.237
122.552	1.374	1.237
122.602	1.374	1.232
122.652	1.374	1.232
122.702	1.380	1.227
122.752	1.359	1.232
122.802	1.364	1.232
122.852	1.369	1.227
122.902	1.374	1.232
122.952	1.374	1.227
123.002	1.369	1.227
123.052	1.364	1.232
123.102	1.364	1.232
123.152	1.369	1.237
123.202	1.369	1.232
123.252	1.374	1.237
123.302	1.364	1.232
123.352	1.369	1.237
123.402	1.369	1.232
123.452	1.374	1.232
123.502	1.374	1.232
123.552	1.374	1.227
123.602	1.380	1.222
123.652	1.369	1.227
123.702	1.374	1.232
123.752	1.369	1.232
123.802	1.369	1.222
123.852	1.369	1.227
123.902	1.374	1.222
123.952	1.359	1.222
124.002	1.369	1.227
124.052	1.364	1.227
124.102	1.369	1.232
124.152	1.374	1.222
124.202	1.380	1.227
124.252	1.369	1.237
124.302	1.369	1.232
124.352	1.374	1.222
124.402	1.369	1.222
124.452	1.353	1.227
124.502	1.374	1.227
124.552	1.364	1.222
124.602	1.369	1.222
124.652	1.364	1.232
124.702	1.374	1.227
124.752	1.374	1.232
124.802	1.369	1.227
124.852	1.369	1.237
124.902	1.364	1.237
124.952	1.364	1.243
125.002	1.369	1.237
125.052	1.353	1.232
125.102	1.369	1.237
125.152	1.369	1.237
125.202	1.364	1.237
125.252	1.364	1.237
125.302	1.364	1.227
125.352	1.364	1.227
125.402	1.364	1.237
125.452	1.374	1.227
125.502	1.374	1.227
125.552	1.374	1.222
125.602	1.374	1.222
125.652	1.364	1.227
125.702	1.369	1.237
125.752	1.364	1.232
125.802	1.369	1.232
125.852	1.359	1.227
125.902	1.359	1.227
125.952	1.369	1.232
126.002	1.374	1.232
126.052	1.364	1.227
126.102	1.369	1.222
126.152	1.364	1.227
126.202	1.359	1.227
126.252	1.364	1.232
126.302	1.364	1.232
126.352	1.369	1.227
126.402	1.374	1.237
126.452	1.364	1.243
126.502	1.364	1.237
126.552	1.369	1.248
126.602	1.369	1.232
126.652	1.369	1.237
126.702	1.374	1.243
126.752	1.364	1.237
126.802	1.369	1.237
126.852	1.364	1.232
126.902	1.364	1.232
126.952	1.364	1.232
127.002	1.364	1.237
127.052	1.364	1.237
127.102	1.364	1.237
127.152	1.369	1.227
127.202	1.369	1.243
127.252	1.359	1.237
127.302	1.369	1.232
127.352	1.369	1.232
127.402	1.369	1.227
127.452	1.369	1.232
127.502	1.353	1.237
127.552	1.369	1.243
127.602	1.369	1.237
127.652	1.369	1.232
127.702	1.364	1.227
127.752	1.359	1.232
127.802	1.364	1.232
127.852	1.364	1.227
127.902	1.364	1.232
127.952	1.369	1.232
128.002	1.364	1.237
128.052	1.359	1.232
128.102	1.364	1.227
128.152	1.359	1.237
128.202	1.348	1.243
128.252	1.369	1.232
128.302	1.374	1.237
128.352	1.364	1.243
128.402	1.364	1.243
128.452	1.364	1.243
128.502	1.364	1.237
128.552	1.359	1.232
128.602	1.359	1.232
128.652	1.364	1.232
128.702	1.359	1.237
128.752	1.364	1.232
128.802	1.364	1.243
128.852	1.364	1.243
128.902	1.364	1.243
128.952	1.359	1.243
129.002	1.359	1.248
129.051	1.348	1.248
129.101	1.364	1.243
129.151	1.369	1.237
129.201	1.369	1.237
129.251	1.364	1.243
129.301	1.359	1.243
129.351	1.359	1.237
129.401	1.359	1.248
129.451	1.359	1.243
129.501	1.359	1.243
129.551	1.369	1.243
129.601	1.353	1.237
129.651	1.353	1.248
129.701	1.364	1.232
129.751	1.359	1.243
129.801	1.364	1.237
129.851	1.364	1.248
129.901	1.359	1.243
129.951	1.359	1.237
130.001	1.359	1.232
130.051	1.359	1.243
130.101	1.359	1.237
130.151	1.369	1.237
130.201	1.364	1.237
130.251	1.359	1.232
130.301	1.359	1.232
130.351	1.359	1.232
130.401	1.364	1.232
130.451	1.359	1.237
130.501	1.369	1.237
130.551	1.364	1.232
130.601	1.353	1.237
130.651	1.353	1.248
130.701	1.359	1.243
130.751	1.353	1.253
130.801	1.364	1.243
130.851	1.359	1.243
130.901	1.364	1.243
130.951	1.359	1.243
131.001	1.359	1.243
131.051	1.348	1.248
131.101	1.353	1.243
131.152	1.359	1.243
131.202	1.364	1.237
131.252	1.353	1.248
131.302	1.359	1.237
131.352	1.353	1.237
131.402	1.353	1.237
131.452	1.359	1.248
131.502	1.359	1.232
131.552	1.359	1.248
131.602	1.364	1.248
131.652	1.359	1.253
131.702	1.359	1.253
131.752	1.353	1.253
131.802	1.343	1.248
131.852	1.348	1.243
131.902	1.359	1.243
131.952	1.364	1.243
132.002	1.364	1.237
132.052	1.364	1.237
132.102	1.369	1.237
132.152	1.353	1.237
132.202	1.353	1.237
132.252	1.353	1.237
132.302	1.359	1.243
132.352	1.353	1.248
132.402	1.364	1.253
132.452	1.359	1.237
132.502	1.359	1.248
132.552	1.353	1.248
132.602	1.359	1.237
132.652	1.364	1.237
132.702	1.364	1.243
132.752	1.353	1.237
132.802	1.359	1.243
132.852	1.353	1.243
132.902	1.359	1.248
132.952	1.359	1.253
133.002	1.359	1.243
133.052	1.353	1.248
133.102	1.353	1.248
133.152	1.343	1.253
133.202	1.348	1.248
133.252	1.353	1.253
133.302	1.359	1.253
133.352	1.359	1.248
133.402	1.353	1.248
133.452	1.353	1.248
133.502	1.353	1.253
133.552	1.353	1.259
133.602	1.364	1.243
133.652	1.364	1.243
133.702	1.359	1.237
133.752	1.353	1.237
133.802	1.359	1.248
133.852	1.353	1.237
133.902	1.353	1.248
133.952	1.353	1.253
134.002	1.359	1.253
134.052	1.348	1.243
134.102	1.348	1.243
134.152	1.353	1.243
134.202	1.353	1.243
134.252	1.353	1.243
134.302	1.359	1.227
134.352	1.359	1.243
134.402	1.353	1.243
134.452	1.353	1.243
134.502	1.359	1.248
134.552	1.353	1.248
134.602	1.364	1.253
134.652	1.353	1.248
134.702	1.353	1.253
134.752	1.348	1.253
134.802	1.353	1.248
134.852	1.348	1.259
134.902	1.348	1.253
134.952	1.353	1.259
135.002	1.353	1.259
135.052	1.348	1.264
135.102	1.348	1.243
135.152	1.353	1.248
135.202	1.343	1.243
135.252	1.359	1.248
135.302	1.353	1.243
135.352	1.359	1.243
135.402	1.348	1.243
135.452	1.359	1.253
135.502	1.359	1.248
135.552	1.348	1.253
135.602	1.353	1.253
135.652	1.348	1.248
135.702	1.359	1.259
135.752	1.348	1.253
135.802	1.364	1.237
135.852	1.353	1.243
135.902	1.353	1.237
135.952	1.353	1.248
136.002	1.343	1.243
136.052	1.348	1.243
136.102	1.348	1.248
136.152	1.359	1.248
136.202	1.359	1.248
136.252	1.353	1.248
136.302	1.353	1.253
136.352	1.348	1.243
136.402	1.348	1.253
136.452	1.348	1.259
136.502	1.359	1.253
136.552	1.359	1.237
136.602	1.353	1.248
136.652	1.359	1.243
136.702	1.343	1.259
136.752	1.353	1.248
136.802	1.353	1.248
136.852	1.353	1.248
136.902	1.348	1.259
136.952	1.348	1.253
137.002	1.348	1.259
137.052	1.348	1.253
137.102	1.353	1.259
137.152	1.348	1.259
137.202	1.348	1.253
137.252	1.343	1.259
137.302	1.348	1.243
137.352	1.348	1.253
137.402	1.353	1.248
137.452	1.353	1.243
137.502	1.353	1.248
137.552	1.359	1.237
137.602	1.348	1.253
137.652	1.343	1.243
137.702	1.353	1.243
137.752	1.353	1.243
137.802	1.359	1.243
137.852	1.359	1.243
137.902	1.348	1.248
137.952	1.348	1.248
138.002	1.343	1.253
138.052	1.348	1.259
138.102	1.348	1.253
138.152	1.348	1.248
138.202	1.348	1.253
138.252	1.348	1.248
138.302	1.353	1.253
138.352	1.348	1.248
138.402	1.353	1.248
138.452	1.353	1.248
138.502	1.343	1.253
138.552	1.348	1.253
138.602	1.353	1.248
138.652	1.348	1.253
138.702	1.353	1.259
138.752	1.343	1.259
138.802	1.364	1.259
138.852	1.343	1.259
138.902	1.343	1.259
138.952	1.348	1.248
139.002	1.348	1.253
139.052	1.348	1.243
139.102	1.353	1.248
139.152	1.343	1.243
139.202	1.348	1.243
139.252	1.353	1.248
139.302	1.343	1.253
139.352	1.348	1.253
139.402	1.343	1.264
139.452	1.359	1.253
139.502	1.353	1.253
139.552	1.348	1.253
139.602	1.348	1.248
139.652	1.348	1.253
139.702	1.348	1.248
139.752	1.348	1.253
139.802	1.343	1.248
139.852	1.353	1.259
139.902	1.343	1.264
139.952	1.353	1.253
140.002	1.359	1.259
140.052	1.359	1.253
140.102	1.353	1.259
140.152	1.348	1.259
140.202	1.348	1.259
140.252	1.343	1.264
140.302	1.343	1.259
140.352	1.359	1.259
140.402	1.343	1.264
140.452	1.343	1.264
140.502	1.343	1.264
140.552	1.343	1.253
140.602	1.348	1.253
140.652	1.353	1.264
140.702	1.348	1.253
140.752	1.348	1.248
140.802	1.348	1.253
140.852	1.348	1.253
140.902	1.343	1.259
140.952	1.343	1.259
141.002	1.348	1.248
141.052	1.343	1.253
141.102	1.337	1.264
141.152	1.348	1.253
141.202	1.348	1.253
141.252	1.353	1.248
141.302	1.348	1.253
141.352	1.348	1.248
141.402	1.353	1.253
141.452	1.337	1.253
141.502	1.343	1.253
141.552	1.348	1.259
141.602	1.343	1.253
141.652	1.353	1.253
141.702	1.353	1.259
141.752	1.348	1.264
141.802	1.343	1.259
141.852	1.343	1.269
141.902	1.348	1.259
141.952	1.348	1.259
142.002	1.348	1.264
142.052	1.353	1.259
142.102	1.348	1.253
142.152	1.343	1.253
142.202	1.343	1.259
142.252	1.348	1.259
142.302	1.348	1.253
142.352	1.337	1.264
142.402	1.348	1.269
142.452	1.348	1.259
142.502	1.348	1.259
142.552	1.353	1.259
142.602	1.337	1.264
142.652	1.337	1.259
142.702	1.337	1.259
142.752	1.337	1.259
142.802	1.343	1.253
142.852	1.348	1.253
142.902	1.353	1.253
142.952	1.343	1.248
143.002	1.343	1.259
143.052	1.348	1.248
143.102	1.343	1.264
143.152	1.353	1.253
143.202	1.343	1.253
143.252	1.343	1.259
143.302	1.348	1.264
143.352	1.343	1.264
143.402	1.348	1.248
143.452	1.343	1.264
143.502	1.337	1.264
143.552	1.348	1.264
143.602	1.343	1.269
143.652	1.348	1.248
143.702	1.337	1.264
143.752	1.348	1.253
143.802	1.348	1.253
143.852	1.337	1.253
143.902	1.343	1.259
143.952	1.343	1.269
144.002	1.348	1.264
144.052	1.348	1.269
144.102	1.343	1.264
144.152	1.343	1.269
144.202	1.343	1.259
144.252	1.348	1.253
144.302	1.337	1.259
144.352	1.348	1.253
144.402	1.343	1.253
144.452	1.348	1.253
144.502	1.348	1.253
144.552	1.343	1.253
144.602	1.348	1.253
144.652	1.343	1.259
144.702	1.348	1.253
144.752	1.348	1.253
144.802	1.348	1.253
144.852	1.348	1.259
144.902	1.332	1.264
144.952	1.337	1.259
145.002	1.343	1.264
145.052	1.348	1.253
145.102	1.343	1.243
145.152	1.343	1.264
145.202	1.343	1.259
145.252	1.348	1.253
145.302	1.332	1.259
145.352	1.337	1.264
145.402	1.348	1.269
145.452	1.343	1.259
145.502	1.343	1.269
145.552	1.337	1.264
145.602	1.343	1.269
145.652	1.343	1.269
145.702	1.337	1.264
145.752	1.343	1.264
145.802	1.337	1.274
145.852	1.337	1.269
145.902	1.337	1.269
145.952	1.337	1.253
146.002	1.343	1.264
146.052	1.348	1.253
146.102	1.348	1.253
146.152	1.343	1.253
146.202	1.343	1.259
146.252	1.332	1.259
146.302	1.337	1.259
146.352	1.337	1.253
146.402	1.343	1.259
146.452	1.343	1.248
146.502	1.337	1.259
146.552	1.337	1.264
146.602	1.332	1.259
146.652	1.332	1.259
146.702	1.337	1.253
146.752	1.337	1.259
146.802	1.343	1.264
146.852	1.332	1.259
146.902	1.337	1.264
146.952	1.337	1.259
147.002	1.337	1.259
147.052	1.343	1.264
147.102	1.337	1.253
147.152	1.348	1.259
147.202	1.343	1.259
147.252	1.348	1.269
147.302	1.343	1.269
147.352	1.332	1.269
147.402	1.343	1.269
147.452	1.332	1.264
147.502	1.343	1.269
147.552	1.343	1.269
147.602	1.343	1.259
147.652	1.337	1.264
147.702	1.332	1.259
147.752	1.343	1.253
147.802	1.337	1.253
147.852	1.343	1.269
147.902	1.337	1.269
147.952	1.337	1.274
148.002	1.332	1.259
148.052	1.332	1.269
148.102	1.337	1.259
148.152	1.337	1.264
148.202	1.343	1.264
148.252	1.337	1.253
148.302	1.337	1.269
148.352	1.332	1.259
148.402	1.343	1.259
148.452	1.343	1.264
148.502	1.348	1.264
148.552	1.337	1.253
148.602	1.343	1.269
148.653	1.337	1.269
148.703	1.343	1.264
148.753	1.337	1.264
148.803	1.327	1.269
148.853	1.343	1.269
148.903	1.337	1.269
148.953	1.337	1.264
149.003	1.337	1.264
149.053	1.343	1.259
149.103	1.337	1.274
149.153	1.348	1.269
149.203	1.332	1.269
149.253	1.332	1.269
149.303	1.343	1.264
149.353	1.332	1.274
149.403	1.332	1.269
149.453	1.337	1.269
149.503	1.332	1.274
149.553	1.343	1.253
149.603	1.327	1.264
149.653	1.332	1.264
149.703	1.343	1.259
149.753	1.343	1.269
149.803	1.343	1.259
149.853	1.348	1.264
149.903	1.337	1.264
149.953	1.343	1.269
150.003	1.337	1.264
150.053	1.327	1.269
150.103	1.343	1.274
150.153	1.343	1.264
150.203	1.343	1.269
150.253	1.337	1.274
150.303	1.332	1.269
150.353	1.332	1.274
150.403	1.337	1.274
150.453	1.337	1.264
150.503	1.337	1.269
150.553	1.337	1.274
150.603	1.343	1.269
150.653	1.337	1.269
150.703	1.343	1.259
150.753	1.332	1.269
150.803	1.327	1.274
150.853	1.332	1.274
150.903	1.337	1.269
150.953	1.332	1.269
151.003	1.337	1.269
151.053	1.337	1.264
151.103	1.343	1.264
151.153	1.337	1.274
151.203	1.332	1.269
151.253	1.332	1.264
151.303	1.332	1.264
151.353	1.337	1.264
151.403	1.343	1.253
151.453	1.343	1.259
151.503	1.332	1.264
151.553	1.332	1.264
151.603	1.332	1.269
151.653	1.337	1.264
151.703	1.337	1.259
151.753	1.337	1.269
151.803	1.343	1.264
151.853	1.332	1.264
151.903	1.332	1.274
151.953	1.327	1.269
152.003	1.337	1.253
152.053	1.332	1.264
152.103	1.337	1.259
152.153	1.337	1.259
152.203	1.337	1.264
152.253	1.337	1.269
152.303	1.337	1.264
152.353	1.327	1.274
152.403	1.327	1.269
152.453	1.332	1.269
152.503	1.327	1.280
