0.000	7.483	5.108
0.050	7.462	5.124
0.100	7.456	5.134
0.150	7.456	5.145
0.200	7.446	5.139
0.250	7.440	5.155
0.300	7.425	5.166
0.350	7.425	5.166
0.400	7.419	5.166
0.450	7.419	5.176
0.500	7.404	5.181
0.550	7.393	5.181
0.600	7.388	5.181
0.650	7.388	5.197
0.700	7.383	5.208
0.750	7.367	5.218
0.800	7.367	5.218
0.850	7.367	5.218
0.900	7.367	5.229
0.950	7.340	5.234
1.000	7.346	5.239
1.050	7.335	5.250
1.100	7.325	5.255
1.150	7.319	5.266
1.200	7.314	5.266
1.250	7.314	5.271
1.300	7.309	5.271
1.350	7.298	5.271
1.400	7.298	5.282
1.450	7.298	5.287
1.500	7.277	5.303
1.550	7.277	5.303
1.600	7.272	5.308
1.650	7.272	5.313
1.700	7.256	5.318
1.750	7.251	5.324
1.800	7.246	5.334
1.850	7.246	5.329
1.900	7.240	5.355
1.950	7.240	5.339
2.000	7.219	5.339
2.050	7.219	5.355
2.100	7.225	5.361
2.150	7.209	5.366
2.200	7.204	5.371
2.250	7.209	5.376
2.300	7.204	5.376
2.350	7.188	5.382
2.400	7.182	5.382
2.450	7.188	5.387
2.500	7.177	5.397
2.550	7.172	5.408
2.600	7.172	5.403
2.650	7.167	5.403
2.700	7.161	5.408
2.750	7.151	5.413
2.800	7.156	5.413
2.850	7.146	5.429
2.900	7.140	5.434
2.950	7.140	5.434
3.000	7.135	5.434
3.050	7.130	5.450
3.100	7.125	5.450
3.150	7.125	5.461
3.200	7.109	5.455
3.250	7.114	5.455
3.300	7.103	5.455
3.350	7.098	5.471
3.400	7.088	5.476
3.450	7.093	5.476
3.500	7.088	5.492
3.550	7.077	5.492
3.600	7.082	5.482
3.650	7.077	5.492
3.700	7.072	5.497
3.750	7.067	5.497
3.800	7.067	5.513
3.850	7.056	5.508
3.900	7.046	5.513
3.950	7.056	5.518
4.000	7.046	5.524
4.050	7.046	5.518
4.100	7.030	5.534
4.150	7.035	5.529
4.200	7.030	5.545
4.250	7.024	5.545
4.300	7.024	5.545
4.350	7.024	5.540
4.400	7.024	5.555
4.450	7.019	5.566
4.500	7.003	5.555
4.550	7.003	5.561
4.600	7.009	5.561
4.650	7.003	5.571
4.700	6.993	5.566
4.750	6.982	5.587
4.800	6.982	5.587
4.850	6.977	5.587
4.900	6.977	5.576
4.950	6.961	5.592
5.000	6.972	5.603
5.050	6.967	5.603
5.100	6.967	5.608
5.150	6.967	5.608
5.200	6.956	5.608
5.250	6.945	5.608
5.300	6.951	5.608
5.350	6.940	5.613
5.400	6.940	5.624
5.450	6.935	5.619
5.500	6.945	5.629
5.550	6.924	5.629
5.600	6.935	5.629
5.650	6.924	5.629
5.700	6.919	5.634
5.750	6.930	5.645
5.800	6.914	5.640
5.850	6.909	5.645
5.900	6.914	5.645
5.950	6.903	5.666
6.000	6.909	5.661
6.050	6.909	5.666
6.100	6.898	5.671
6.150	6.893	5.666
6.200	6.888	5.666
6.250	6.893	5.682
6.300	6.882	5.682
6.350	6.882	5.682
6.400	6.888	5.682
6.450	6.882	5.687
6.500	6.872	5.692
6.550	6.867	5.687
6.600	6.867	5.692
6.650	6.861	5.703
6.700	6.856	5.703
6.750	6.861	5.703
6.800	6.861	5.703
6.850	6.856	5.713
6.900	6.851	5.713
6.950	6.851	5.713
7.000	6.840	5.719
7.050	6.845	5.719
7.100	6.845	5.719
7.150	6.840	5.729
7.200	6.840	5.740
7.250	6.830	5.734
7.300	6.835	5.729
7.350	6.840	5.734
7.400	6.824	5.734
7.450	6.819	5.745
7.500	6.819	5.745
7.550	6.819	5.750
7.600	6.814	5.750
7.650	6.819	5.745
7.700	6.809	5.750
7.750	6.809	5.745
7.800	6.803	5.761
7.850	6.809	5.766
7.900	6.803	5.761
7.950	6.798	5.766
8.000	6.803	5.771
8.050	6.793	5.771
8.100	6.788	5.777
8.150	6.793	5.777
8.200	6.782	5.787
8.250	6.782	5.787
8.300	6.798	5.782
8.350	6.782	5.777
8.400	6.777	5.782
8.450	6.777	5.787
8.500	6.777	5.808
8.550	6.772	5.792
8.600	6.766	5.798
8.650	6.761	5.798
8.700	6.777	5.803
8.751	6.761	5.813
8.801	6.761	5.808
8.851	6.761	5.808
8.901	6.756	5.808
8.951	6.756	5.813
9.001	6.756	5.813
9.051	6.751	5.829
9.101	6.745	5.829
9.151	6.740	5.819
9.201	6.745	5.819
9.251	6.730	5.824
9.301	6.740	5.829
9.351	6.740	5.840
9.401	6.730	5.840
9.451	6.730	5.840
9.501	6.735	5.834
9.551	6.730	5.840
9.601	6.724	5.840
9.651	6.724	5.850
9.701	6.724	5.866
9.751	6.714	5.850
9.801	6.714	5.850
9.851	6.724	5.855
9.901	6.714	5.850
9.951	6.709	5.861
10.001	6.714	5.861
10.051	6.714	5.855
10.101	6.698	5.871
10.151	6.698	5.871
10.201	6.714	5.861
10.251	6.698	5.866
10.301	6.698	5.877
10.351	6.698	5.866
10.401	6.693	5.882
10.451	6.693	5.887
10.501	6.693	5.882
10.551	6.687	5.882
10.601	6.693	5.877
10.651	6.687	5.887
10.701	6.677	5.892
10.751	6.677	5.898
10.801	6.682	5.892
10.851	6.672	5.898
10.901	6.687	5.892
10.951	6.677	5.892
11.001	6.672	5.903
11.051	6.672	5.898
11.101	6.666	5.908
11.151	6.666	5.913
11.201	6.672	5.908
11.251	6.666	5.903
11.301	6.656	5.919
11.351	6.661	5.913
11.401	6.661	5.919
11.451	6.661	5.919
11.501	6.651	5.919
11.551	6.651	5.919
11.601	6.656	5.919
11.651	6.645	5.934
11.701	6.645	5.924
11.751	6.651	5.924
11.801	6.645	5.924
11.851	6.640	5.929
11.901	6.640	5.934
11.951	6.645	5.940
12.001	6.635	5.940
12.051	6.635	5.934
12.101	6.640	5.929
12.151	6.630	5.945
12.201	6.630	5.956
12.251	6.640	5.945
12.301	6.635	5.945
12.351	6.624	5.950
12.401	6.630	5.956
12.451	6.624	5.945
12.501	6.624	5.956
12.551	6.619	5.956
12.601	6.614	5.971
12.651	6.619	5.956
12.701	6.614	5.961
12.751	6.614	5.966
12.801	6.619	5.961
12.851	6.608	5.961
12.901	6.614	5.961
12.951	6.608	5.966
13.001	6.603	5.977
13.051	6.598	5.977
13.101	6.608	5.977
13.151	6.603	5.971
13.201	6.603	5.971
13.251	6.603	5.977
13.301	6.598	5.977
13.351	6.598	5.982
13.401	6.598	5.982
13.451	6.593	5.982
13.501	6.593	5.982
13.551	6.593	5.987
13.601	6.587	5.998
13.651	6.582	6.003
13.701	6.587	5.992
13.751	6.587	5.992
13.801	6.582	5.998
13.851	6.572	5.998
13.901	6.587	6.003
13.951	6.587	5.998
14.001	6.582	6.013
14.051	6.582	5.998
14.101	6.566	6.008
14.151	6.577	6.013
14.201	6.572	6.003
14.251	6.572	6.003
14.301	6.566	6.008
14.351	6.566	6.008
14.401	6.566	6.019
14.451	6.566	6.013
14.501	6.561	6.019
14.550	6.556	6.008
14.600	6.556	6.024
14.650	6.545	6.019
14.700	6.556	6.024
14.750	6.566	6.013
14.800	6.556	6.024
14.850	6.556	6.024
14.900	6.556	6.029
14.950	6.556	6.029
15.000	6.551	6.024
15.050	6.551	6.024
15.100	6.556	6.035
15.150	6.551	6.035
15.200	6.551	6.035
15.250	6.551	6.035
15.300	6.535	6.040
15.350	6.545	6.029
15.400	6.545	6.035
15.450	6.545	6.035
15.500	6.540	6.040
15.550	6.530	6.040
15.600	6.535	6.045
15.650	6.540	6.050
15.700	6.535	6.050
15.750	6.545	6.050
15.800	6.535	6.050
15.850	6.530	6.050
15.900	6.530	6.050
15.950	6.530	6.061
16.000	6.524	6.061
16.050	6.524	6.056
16.100	6.535	6.050
16.150	6.524	6.061
16.200	6.524	6.056
16.250	6.524	6.066
16.300	6.514	6.071
16.350	6.524	6.061
16.400	6.524	6.056
16.450	6.514	6.066
16.500	6.524	6.066
16.550	6.514	6.071
16.600	6.514	6.066
16.650	6.508	6.061
16.700	6.514	6.061
16.750	6.503	6.066
16.800	6.508	6.077
16.850	6.508	6.071
16.900	6.508	6.071
16.950	6.514	6.082
17.000	6.498	6.087
17.050	6.508	6.082
17.100	6.514	6.066
17.150	6.503	6.077
17.200	6.503	6.082
17.250	6.503	6.082
17.300	6.498	6.087
17.350	6.498	6.087
17.400	6.508	6.077
17.450	6.498	6.087
17.500	6.498	6.082
17.550	6.503	6.092
17.600	6.487	6.098
17.650	6.493	6.103
17.700	6.498	6.087
17.750	6.493	6.082
17.800	6.487	6.087
17.850	6.493	6.098
17.900	6.482	6.103
17.950	6.482	6.103
18.000	6.493	6.092
18.050	6.493	6.092
18.100	6.477	6.092
18.150	6.487	6.108
18.200	6.477	6.108
18.250	6.487	6.098
18.300	6.472	6.114
18.350	6.482	6.108
18.400	6.482	6.114
18.450	6.477	6.103
18.500	6.482	6.103
18.550	6.487	6.103
18.600	6.472	6.119
18.650	6.477	6.114
18.700	6.477	6.108
18.750	6.477	6.108
18.800	6.477	6.108
18.850	6.466	6.108
18.900	6.466	6.119
18.950	6.477	6.119
19.000	6.477	6.119
19.050	6.466	6.119
19.100	6.472	6.108
19.150	6.472	6.119
19.200	6.456	6.135
19.250	6.472	6.124
19.300	6.472	6.119
19.350	6.461	6.124
19.400	6.456	6.119
19.450	6.472	6.129
19.500	6.456	6.135
19.550	6.461	6.135
19.600	6.451	6.124
19.650	6.472	6.124
19.700	6.461	6.140
19.750	6.456	6.124
19.800	6.445	6.124
19.850	6.456	6.124
19.900	6.456	6.129
19.950	6.451	6.135
20.000	6.456	6.129
20.050	6.451	6.135
20.100	6.451	6.129
20.150	6.451	6.129
20.200	6.440	6.145
20.250	6.451	6.145
20.300	6.451	6.140
20.350	6.451	6.135
20.400	6.451	6.135
20.450	6.451	6.140
20.500	6.440	6.150
20.550	6.451	6.150
20.600	6.445	6.145
20.650	6.445	6.135
20.700	6.445	6.140
20.750	6.445	6.150
20.800	6.435	6.145
20.850	6.445	6.145
20.900	6.435	6.156
20.950	6.435	6.145
21.000	6.435	6.156
21.050	6.435	6.156
21.100	6.435	6.150
21.150	6.435	6.145
21.200	6.440	6.145
21.250	6.440	6.156
21.300	6.435	6.161
21.350	6.435	6.156
21.400	6.429	6.150
21.450	6.429	6.156
21.500	6.419	6.161
21.550	6.429	6.161
21.600	6.424	6.166
21.650	6.429	6.156
21.700	6.435	6.156
21.750	6.429	6.156
21.800	6.424	6.166
21.850	6.429	6.161
21.900	6.429	6.166
21.950	6.419	6.161
22.000	6.424	6.161
22.050	6.424	6.166
22.100	6.424	6.156
22.150	6.429	6.166
22.200	6.424	6.171
22.250	6.414	6.166
22.300	6.424	6.161
22.350	6.419	6.166
22.400	6.424	6.161
22.450	6.414	6.161
22.500	6.419	6.166
22.550	6.419	6.171
22.600	6.408	6.177
22.650	6.424	6.171
22.700	6.429	6.166
22.750	6.408	6.171
22.800	6.419	6.177
22.850	6.408	6.171
22.900	6.414	6.171
22.950	6.403	6.171
23.000	6.419	6.171
23.050	6.408	6.171
23.100	6.408	6.177
23.150	6.414	6.177
23.200	6.403	6.182
23.250	6.419	6.177
23.300	6.408	6.177
23.350	6.403	6.177
23.400	6.414	6.187
23.450	6.408	6.177
23.500	6.403	6.187
23.550	6.408	6.182
23.600	6.408	6.177
23.650	6.403	6.171
23.700	6.408	6.187
23.750	6.398	6.192
23.800	6.403	6.182
23.850	6.398	6.192
23.900	6.408	6.187
23.950	6.403	6.187
24.000	6.393	6.187
24.050	6.403	6.177
24.100	6.408	6.187
24.150	6.393	6.198
24.200	6.403	6.192
24.250	6.393	6.198
24.300	6.393	6.192
24.350	6.393	6.177
24.400	6.398	6.192
24.450	6.398	6.187
24.500	6.393	6.198
24.550	6.387	6.203
24.600	6.398	6.182
24.650	6.398	6.192
24.700	6.387	6.192
24.750	6.382	6.203
24.800	6.382	6.198
24.850	6.398	6.182
24.900	6.387	6.192
24.950	6.393	6.187
25.000	6.387	6.192
25.050	6.393	6.198
25.100	6.393	6.208
25.150	6.393	6.198
25.200	6.387	6.208
25.250	6.382	6.208
25.300	6.393	6.198
25.350	6.387	6.198
25.400	6.377	6.198
25.450	6.393	6.203
25.500	6.382	6.208
25.550	6.382	6.203
25.600	6.382	6.203
25.650	6.382	6.203
25.700	6.382	6.203
25.750	6.387	6.208
25.800	6.387	6.198
25.850	6.393	6.203
25.900	6.377	6.198
25.950	6.377	6.208
26.000	6.377	6.214
26.050	6.377	6.219
26.100	6.387	6.214
26.150	6.382	6.203
26.200	6.372	6.203
26.251	6.377	6.208
26.301	6.372	6.214
26.351	6.372	6.219
26.401	6.382	6.208
26.451	6.372	6.214
26.501	6.377	6.203
26.551	6.372	6.219
26.601	6.377	6.214
26.651	6.372	6.214
26.701	6.372	6.214
26.751	6.377	6.214
26.801	6.366	6.219
26.851	6.377	6.214
26.901	6.377	6.214
26.951	6.366	6.219
27.001	6.377	6.214
27.051	6.377	6.219
27.101	6.366	6.219
27.151	6.366	6.214
27.201	6.366	6.214
27.251	6.372	6.219
27.301	6.372	6.224
27.351	6.377	6.224
27.401	6.366	6.224
27.451	6.366	6.219
27.501	6.372	6.219
27.551	6.372	6.224
27.601	6.372	6.219
27.651	6.366	6.229
27.701	6.366	6.219
27.751	6.366	6.208
27.801	6.366	6.219
27.851	6.366	6.224
27.901	6.366	6.229
27.951	6.356	6.229
28.001	6.366	6.224
28.051	6.366	6.219
28.101	6.366	6.224
28.151	6.377	6.219
28.201	6.356	6.229
28.251	6.361	6.224
28.301	6.361	6.229
28.351	6.356	6.229
28.401	6.361	6.235
28.451	6.361	6.229
28.501	6.366	6.229
28.551	6.361	6.229
28.601	6.361	6.235
28.651	6.361	6.235
28.701	6.361	6.229
28.751	6.366	6.224
28.801	6.356	6.224
28.851	6.356	6.229
28.901	6.356	6.240
28.951	6.356	6.240
29.001	6.361	6.224
29.051	6.361	6.224
29.101	6.345	6.235
29.151	6.361	6.235
29.201	6.356	6.235
29.251	6.350	6.240
29.301	6.350	6.229
29.351	6.350	6.240
29.401	6.361	6.235
29.451	6.345	6.235
29.501	6.350	6.235
29.551	6.350	6.240
29.601	6.356	6.240
29.651	6.350	6.245
29.701	6.356	6.235
29.751	6.350	6.235
29.801	6.350	6.240
29.851	6.345	6.240
29.901	6.345	6.240
29.951	6.350	6.240
30.001	6.356	6.240
30.051	6.356	6.235
30.101	6.345	6.240
30.151	6.350	6.240
30.201	6.350	6.245
30.251	6.345	6.245
30.301	6.356	6.235
30.351	6.345	6.235
30.401	6.356	6.235
30.451	6.350	6.250
30.501	6.345	6.250
30.551	6.350	6.240
30.601	6.345	6.240
30.651	6.350	6.235
30.701	6.345	6.240
30.751	6.340	6.245
30.801	6.350	6.240
30.851	6.345	6.240
30.901	6.340	6.250
30.951	6.345	6.250
31.001	6.340	6.245
31.051	6.350	6.240
31.101	6.345	6.245
31.151	6.340	6.240
31.201	6.345	6.250
31.251	6.340	6.240
31.301	6.350	6.245
31.351	6.340	6.245
31.401	6.345	6.245
31.451	6.345	6.250
31.501	6.335	6.250
31.551	6.350	6.245
31.601	6.335	6.250
31.651	6.335	6.256
31.701	6.340	6.250
31.751	6.335	6.256
31.801	6.340	6.256
31.851	6.335	6.245
31.901	6.340	6.250
31.951	6.340	6.250
32.001	6.340	6.250
32.050	6.335	6.256
32.100	6.335	6.245
32.150	6.340	6.256
32.200	6.335	6.250
32.250	6.340	6.245
32.300	6.335	6.245
32.350	6.340	6.250
32.400	6.345	6.250
32.450	6.335	6.256
32.500	6.345	6.245
32.550	6.335	6.250
32.600	6.335	6.256
32.650	6.335	6.256
32.700	6.324	6.261
32.750	6.335	6.250
32.800	6.340	6.256
32.850	6.335	6.256
32.900	6.329	6.261
32.950	6.340	6.256
33.000	6.329	6.261
33.050	6.335	6.256
33.100	6.340	6.250
33.150	6.329	6.261
33.200	6.324	6.266
33.250	6.329	6.261
33.300	6.329	6.256
33.350	6.335	6.250
33.400	6.335	6.250
33.450	6.335	6.261
33.500	6.329	6.256
33.550	6.324	6.261
33.600	6.329	6.261
33.650	6.329	6.261
33.700	6.329	6.261
33.750	6.335	6.250
33.800	6.324	6.250
33.850	6.329	6.261
33.900	6.335	6.261
33.950	6.329	6.261
34.000	6.324	6.256
34.050	6.324	6.256
34.100	6.324	6.261
34.150	6.324	6.266
34.200	6.335	6.261
34.250	6.324	6.261
34.300	6.324	6.256
34.350	6.335	6.256
34.400	6.335	6.266
34.450	6.329	6.256
34.500	6.335	6.271
34.550	6.324	6.271
34.600	6.324	6.261
34.650	6.329	6.261
34.700	6.324	6.266
34.750	6.324	6.266
34.800	6.329	6.271
34.850	6.329	6.261
34.900	6.324	6.271
34.950	6.324	6.271
35.000	6.329	6.256
35.050	6.324	6.256
35.100	6.319	6.266
35.150	6.314	6.266
